         0          1   0.296598   0.457502
      0.01   0.999642   0.336635    0.50366
      0.02   0.999204   0.350974    0.51948
      0.03   0.998646   0.358518   0.527618
      0.04   0.997691   0.416804   0.587972
      0.05   0.995382   0.445631   0.615641
      0.06   0.992556   0.465529   0.633796
      0.07   0.991043    0.47689   0.643924
      0.08   0.986783   0.492899   0.657418
      0.09   0.986704   0.503304    0.66659
       0.1   0.984514   0.517213   0.678157
      0.11   0.982086   0.533279   0.691221
      0.12   0.979299   0.543822   0.699307
      0.13   0.973089   0.562028   0.712523
      0.14   0.969626    0.57527   0.722115
      0.15   0.962221   0.594135   0.734651
      0.16   0.954936    0.60931   0.743939
      0.17   0.947293   0.627714   0.755081
      0.18    0.93957   0.642679   0.763271
      0.19   0.926791    0.66007   0.771015
       0.2   0.912818   0.670831   0.773337
      0.21   0.899443   0.689227   0.780427
      0.22   0.879538   0.704618   0.782421
      0.23   0.866123   0.719591   0.786087
      0.24   0.842556   0.738496   0.787101
      0.25   0.825358   0.751174   0.786521
      0.26   0.798965   0.763168   0.780656
      0.27   0.782006   0.770182   0.776049
      0.28   0.748328   0.778085   0.762917
      0.29   0.715048   0.776528   0.744521
       0.3   0.676553   0.779841   0.724534
      0.31   0.630892    0.77508   0.695592
      0.32   0.608559   0.773568   0.681213
      0.33   0.569944   0.765737    0.65349
      0.34   0.547014   0.760664   0.636386
      0.35   0.517914   0.751697   0.613281
      0.36   0.495263   0.744065    0.59469
      0.37   0.468073   0.731449   0.570847
      0.38    0.44992   0.724573   0.555133
      0.39   0.428384   0.716645    0.53623
       0.4    0.41254   0.711724   0.522323
      0.41   0.390287   0.704007   0.502177
      0.42   0.373527   0.691755   0.485109
      0.43    0.35629   0.682271   0.468121
      0.44   0.336186   0.673845   0.448575
      0.45   0.322691   0.664114   0.434338
      0.46   0.303065    0.65463   0.414319
      0.47   0.291123   0.645531   0.401277
      0.48   0.265088   0.632679   0.373628
      0.49   0.251911   0.624509   0.359007
       0.5   0.239132   0.609235   0.343454
      0.51   0.226672   0.595308   0.328328
      0.52   0.220661   0.582055   0.320006
      0.53   0.212699   0.555373   0.307594
      0.54   0.199602   0.530488   0.290064
      0.55   0.176553   0.507892   0.262022
      0.56    0.16457        0.5   0.247634
      0.57   0.155494   0.466596   0.233255
      0.58   0.152627   0.450766   0.228041
      0.59   0.136107   0.415006   0.204986
       0.6   0.123925   0.392901    0.18842
      0.61   0.106728   0.363878   0.165046
      0.62  0.0909634   0.335196   0.143095
      0.63  0.0836385   0.320346   0.132645
      0.64  0.0691083   0.272871   0.110285
      0.65  0.0654459   0.240527   0.102895
      0.66   0.054578   0.203478  0.0860699
      0.67  0.0457404   0.184116  0.0732765
      0.68  0.0399283   0.155894  0.0635738
      0.69   0.032086   0.117647  0.0504207
       0.7  0.0239252  0.0900474  0.0378056
      0.71  0.0130573  0.0634146  0.0216557
      0.72   0.010629  0.0569307  0.0179135
      0.73 0.00660828  0.0478589  0.0116131
      0.74 0.00601115  0.0409207  0.0104824
      0.75 0.00338376   0.038961 0.00622673
      0.76 0.00330414  0.0367454 0.00606309
      0.77 0.00298567  0.0343008 0.00549319
      0.78 0.00298567  0.0345745 0.00549667
      0.79 0.00298567  0.0355191 0.00550832
       0.8 0.00298567  0.0365169 0.00552001
      0.81 0.00298567  0.0366197 0.00552119
      0.82 0.00298567   0.037464 0.00553058
      0.83 0.00298567  0.0376812 0.00553294
      0.84 0.00298567  0.0377907 0.00553411
      0.85 0.00298567  0.0380117 0.00553647
      0.86 0.00298567  0.0383481 0.00554001
      0.87 0.00290605   0.035503 0.00537235
      0.88 0.00274682  0.0299401 0.00503198
      0.89 0.00274682  0.0299401 0.00503198
       0.9 0.00274682  0.0299401 0.00503198
      0.91 0.00274682  0.0299401 0.00503198
      0.92 0.00274682  0.0299401 0.00503198
      0.93 0.00274682  0.0299401 0.00503198
      0.94 0.00274682  0.0299401 0.00503198
      0.95 0.00274682  0.0299401 0.00503198
      0.96 0.00274682  0.0299401 0.00503198
      0.97 0.00274682  0.0299401 0.00503198
      0.98 0.00274682    0.03003 0.00503324
      0.99 0.00274682    0.03003 0.00503324
