         0          1   0.295659   0.456384
      0.01   0.999492   0.265592   0.419667
      0.02   0.999492   0.266761   0.421125
      0.03   0.999492   0.266878   0.421271
      0.04   0.999492   0.267371   0.421885
      0.05   0.999492   0.267853   0.422485
      0.06   0.999492   0.270086   0.425257
      0.07   0.999492   0.272823   0.428643
      0.08   0.999492   0.279428   0.436753
      0.09   0.999492   0.285732   0.444415
       0.1   0.999492   0.297933   0.459035
      0.11   0.999492   0.313376   0.477148
      0.12   0.999492   0.324477   0.489909
      0.13   0.999413   0.341088   0.508598
      0.14   0.998788    0.35201   0.520556
      0.15   0.998436   0.368755   0.538591
      0.16   0.998084   0.380708   0.551176
      0.17   0.997145   0.396788   0.567681
      0.18   0.996324   0.407783   0.578708
      0.19   0.993509   0.425829   0.596144
       0.2   0.991084   0.440462   0.609879
      0.21   0.986391   0.460668   0.628031
      0.22   0.979548   0.481942   0.646033
      0.23   0.973448   0.498051   0.658956
      0.24   0.959057   0.519762   0.674162
      0.25    0.94975   0.537044   0.686117
      0.26   0.934147   0.564432   0.703683
      0.27   0.924879   0.582696   0.714954
      0.28   0.906695   0.608503   0.728257
      0.29   0.888785   0.624146    0.73332
       0.3   0.853668   0.646741   0.735935
      0.31   0.819099   0.667154   0.735359
      0.32    0.80072   0.685884   0.738866
      0.33   0.777882   0.713177   0.744125
      0.34   0.760011   0.725259   0.742228
      0.35   0.729822   0.739457   0.734608
      0.36   0.704481   0.748786   0.725959
      0.37   0.685515   0.759841   0.720767
      0.38     0.6687   0.762532    0.71254
      0.39   0.633701   0.762259   0.692061
       0.4   0.602964   0.755615   0.670714
      0.41   0.551697   0.743551   0.633415
      0.42    0.50176   0.731505   0.595233
      0.43   0.480056   0.724759   0.577557
      0.44   0.437627   0.708794    0.54114
      0.45   0.412561   0.693532    0.51736
      0.46   0.384092   0.678167   0.490424
      0.47   0.348975   0.661232   0.456844
      0.48   0.314641   0.638396   0.421527
      0.49   0.290552    0.62552   0.396795
       0.5   0.258603   0.602256   0.361837
      0.51   0.243235   0.584078   0.343445
      0.52   0.223799    0.56766   0.321032
      0.53   0.197012   0.536313   0.288168
      0.54   0.177147   0.523763    0.26475
      0.55   0.150282   0.500524   0.231158
      0.56   0.144103   0.485374   0.222228
      0.57   0.132567    0.45993   0.205812
      0.58   0.120092   0.436585   0.188369
      0.59   0.107579   0.409326   0.170379
       0.6  0.0953387   0.377747   0.152251
      0.61  0.0744564   0.341211   0.122239
      0.62  0.0662052   0.309859     0.1091
      0.63  0.0588925   0.288961  0.0978437
      0.64  0.0551384   0.274247  0.0918168
      0.65  0.0489207   0.262976  0.0824951
      0.66  0.0419991   0.250454  0.0719352
      0.67  0.0392617   0.246753  0.0677444
      0.68  0.0336305   0.229885   0.058677
      0.69  0.0293681   0.220703  0.0518382
       0.7  0.0260832   0.215139  0.0465257
      0.71  0.0221727   0.210526  0.0401199
      0.72  0.0218207   0.210634  0.0395448
      0.73  0.0206476   0.207627    0.03756
      0.74   0.020413   0.206593  0.0371547
      0.75  0.0188487   0.196347  0.0343956
      0.76  0.0188487   0.200466  0.0344576
      0.77  0.0183795   0.201474   0.033686
      0.78  0.0168544   0.194937  0.0310262
      0.79  0.0157985   0.192708   0.029203
       0.8   0.015212   0.187166  0.0281371
      0.81  0.0149773   0.188732  0.0277523
      0.82  0.0141561   0.180758   0.026256
      0.83  0.0141561   0.181818  0.0262671
      0.84  0.0137651   0.188498  0.0256565
      0.85  0.0134131   0.192691  0.0250804
      0.86  0.0132567   0.197232  0.0248435
      0.87  0.0132567   0.205036  0.0249032
      0.88  0.0131003   0.208955  0.0246548
      0.89  0.0124355   0.209924    0.02348
       0.9  0.0123182   0.221757  0.0233398
      0.91  0.0113014   0.215247  0.0214753
      0.92  0.0113014   0.224299  0.0215186
      0.93  0.0113014   0.241206  0.0215912
      0.94  0.0113014   0.251309  0.0216301
      0.95  0.0113014   0.271186  0.0216986
      0.96  0.0113014   0.282353   0.021733
      0.97  0.0111841   0.291391  0.0215414
      0.98 0.00981542   0.287671  0.0189831
      0.99 0.00981542   0.308824  0.0190261
