         0          1   0.168956   0.289072
      0.01   0.999508   0.156004   0.269884
      0.02   0.999508   0.157183   0.271647
      0.03   0.999508   0.167812   0.287375
      0.04   0.999508   0.203917   0.338728
      0.05   0.998031   0.216683   0.356061
      0.06   0.995159   0.232509   0.376948
      0.07   0.990729   0.241918   0.388878
      0.08   0.984575   0.253042    0.40261
      0.09    0.97998   0.259432   0.410256
       0.1   0.970709   0.266779   0.418532
      0.11   0.959797   0.272563    0.42456
      0.12   0.954545   0.277399   0.429873
      0.13   0.942484   0.287213    0.44026
      0.14   0.940597   0.294195   0.448203
      0.15   0.926403   0.303806   0.457559
      0.16    0.92386   0.310036   0.464269
      0.17   0.918198   0.318257   0.472678
      0.18   0.914588   0.323115   0.477525
      0.19   0.907122   0.330251   0.484216
       0.2   0.899573   0.334799   0.487983
      0.21    0.88784   0.339701    0.49139
      0.22   0.863226   0.344371   0.492333
      0.23   0.846734   0.349845   0.495121
      0.24   0.820315   0.354186   0.494753
      0.25   0.801608   0.358214   0.495157
      0.26   0.776173   0.362813   0.494484
      0.27   0.763374   0.364825   0.493703
      0.28   0.743928   0.368285   0.492671
      0.29   0.731785   0.369486    0.49104
       0.3   0.703397   0.371126   0.485888
      0.31     0.6851   0.375782   0.485348
      0.32   0.680341   0.376851   0.485034
      0.33   0.656383    0.37568   0.477859
      0.34   0.637266   0.377089   0.473811
      0.35   0.602478   0.373068   0.460799
      0.36   0.587791   0.372291   0.455855
      0.37   0.571382   0.368344   0.447929
      0.38   0.549557    0.36414   0.438035
      0.39   0.521086   0.357166   0.423829
       0.4   0.498687   0.351807   0.412564
      0.41   0.462176   0.345721   0.395555
      0.42   0.424434   0.336522     0.3754
      0.43   0.393994   0.334676    0.36192
      0.44   0.360765   0.332657   0.346141
      0.45   0.343781    0.33222   0.337902
      0.46   0.321136   0.327445   0.324259
      0.47   0.296193   0.318213   0.306808
      0.48   0.269281   0.313559   0.289738
      0.49   0.255005   0.300426   0.275858
       0.5   0.201181   0.271287   0.231033
      0.51     0.1819   0.255367   0.212462
      0.52   0.166147   0.249383   0.199428
      0.53   0.141779   0.232323   0.176094
      0.54   0.119298   0.211356   0.152512
      0.55  0.0882836   0.193548   0.121258
      0.56  0.0822941   0.175097   0.111965
      0.57  0.0716278    0.16849   0.100522
      0.58  0.0638333   0.155875  0.0905748
      0.59  0.0523466   0.144022  0.0767847
       0.6  0.0367575   0.128655  0.0571787
      0.61  0.0194454   0.106796  0.0329003
      0.62   0.018871    0.09319  0.0313863
      0.63   0.018871  0.0786517  0.0304388
      0.64  0.0165737  0.0733591  0.0270386
      0.65  0.0150148  0.0700389  0.0247283
      0.66 0.00918937  0.0604839  0.0159547
      0.67 0.00918937  0.0622407  0.0160143
      0.68 0.00557926  0.0480349 0.00999733
      0.69 0.00459468   0.044843 0.00833532
       0.7 0.00459468  0.0460829 0.00835621
      0.71 0.00434854   0.042654 0.00789245
      0.72 0.00254349  0.0245098 0.00460871
      0.73 0.00254349  0.0245098 0.00460871
      0.74 0.00254349      0.025 0.00461722
      0.75 0.00254349  0.0253807 0.00462362
      0.76 0.00254349  0.0253807 0.00462362
      0.77 0.00254349  0.0253807 0.00462362
      0.78 0.00254349  0.0253807 0.00462362
      0.79 0.00254349  0.0255102 0.00462576
       0.8 0.00254349  0.0255102 0.00462576
      0.81 0.00254349  0.0255102 0.00462576
      0.82 0.00254349  0.0257732 0.00463004
      0.83 0.00254349  0.0263158 0.00463864
      0.84 0.00254349   0.026738  0.0046451
      0.85 0.00254349   0.027027 0.00464942
      0.86 0.00254349  0.0273224 0.00465375
      0.87 0.00254349   0.027933 0.00466243
      0.88 0.00254349  0.0280899  0.0046646
      0.89 0.00254349  0.0282486 0.00466678
       0.9 0.00254349  0.0287356 0.00467332
      0.91 0.00254349  0.0299401 0.00468866
      0.92 0.00254349  0.0301205 0.00469086
      0.93 0.00254349   0.030303 0.00469306
      0.94 0.00254349   0.030303 0.00469306
      0.95 0.00254349   0.030303 0.00469306
      0.96 0.00254349  0.0304878 0.00469526
      0.97 0.00254349   0.033557 0.00472857
      0.98 0.00254349  0.0340136 0.00473304
      0.99 0.00254349  0.0364964 0.00475555
