         0          1   0.337394   0.504555
      0.01    0.99294   0.321084   0.485253
      0.02    0.99294   0.321309    0.48551
      0.03    0.99294   0.322399   0.486754
      0.04   0.992854     0.3254   0.490155
      0.05   0.992598   0.329491   0.494751
      0.06   0.991956   0.335088   0.500952
      0.07   0.990972   0.339473   0.505707
      0.08   0.985495   0.347961   0.514323
      0.09   0.981729   0.352664   0.518918
       0.1   0.962903   0.363182   0.527431
      0.11   0.945702   0.373506   0.535511
      0.12   0.930598   0.379667   0.539306
      0.13   0.898935   0.387137     0.5412
      0.14    0.87891   0.393829   0.543929
      0.15   0.851825   0.406599   0.550452
      0.16   0.831458   0.415091   0.553738
      0.17   0.796158    0.43099   0.559242
      0.18   0.769929   0.437774   0.558175
      0.19   0.714304   0.448994   0.551394
       0.2   0.684481   0.458564   0.549197
      0.21   0.636473   0.478052   0.546003
      0.22   0.599375   0.496473   0.543093
      0.23   0.568568   0.509941   0.537661
      0.24   0.535621   0.532476   0.534044
      0.25   0.513799   0.542114   0.527577
      0.26     0.4865   0.561115   0.521151
      0.27   0.465919   0.574879   0.514696
      0.28    0.44521   0.590133   0.507528
      0.29   0.426768   0.594173   0.496746
       0.3   0.402507   0.594818   0.480121
      0.31   0.380643   0.601582   0.466264
      0.32   0.367293   0.603047    0.45653
      0.33   0.340679   0.599404   0.434439
      0.34   0.322879   0.592729   0.418038
      0.35   0.304138    0.58238   0.399594
      0.36   0.291216   0.575812   0.386805
      0.37   0.272945   0.564369   0.367943
      0.38   0.258654   0.554564   0.352772
      0.39   0.237773   0.541203   0.330392
       0.4   0.219674   0.535012   0.311463
      0.41   0.199649   0.517536   0.288142
      0.42   0.183261   0.495413   0.267551
      0.43   0.165376   0.475315   0.245378
      0.44   0.140088   0.445387   0.213138
      0.45   0.128749   0.428571   0.198013
      0.46   0.107569   0.400485   0.169588
      0.47  0.0989688   0.387421   0.157662
      0.48  0.0881006   0.373832   0.142596
      0.49  0.0766762   0.359264    0.12638
       0.5  0.0663643   0.344361   0.111283
      0.51  0.0606307   0.332813   0.102575
      0.52  0.0566514   0.322476  0.0963724
      0.53  0.0509178    0.30494  0.0872645
      0.54  0.0412905   0.291592  0.0723377
      0.55  0.0398357   0.295585  0.0702094
      0.56  0.0380814   0.288306  0.0672765
      0.57  0.0303367   0.270968  0.0545646
      0.58  0.0268281    0.26087  0.0486527
      0.59   0.021608   0.235602  0.0395854
       0.6  0.0208378   0.218659  0.0380495
      0.61  0.0123658   0.170648  0.0230605
      0.62 0.00898549   0.162698  0.0170304
      0.63 0.00620427   0.161702    0.01195
      0.64 0.00569081       0.16  0.0109907
      0.65 0.00556245   0.168478  0.0107693
      0.66 0.00457832   0.171779 0.00891894
      0.67 0.00453554   0.174194 0.00884088
      0.68 0.00444996   0.177305 0.00868202
      0.69 0.00444996   0.181818  0.0086873
       0.7 0.00427881    0.20354 0.00838142
      0.71 0.00402208   0.209524 0.00789265
      0.72 0.00402208   0.209524 0.00789265
      0.73 0.00385093   0.205882 0.00756044
      0.74 0.00372256    0.20202 0.00731042
      0.75 0.00372256   0.204082 0.00731175
      0.76 0.00372256   0.197917 0.00730768
      0.77 0.00269565   0.155556 0.00529946
      0.78 0.00243892   0.146067 0.00479773
      0.79 0.00239613   0.142857 0.00471321
       0.8 0.00239613   0.142857 0.00471321
      0.81  0.0021394   0.133333 0.00421124
      0.82  0.0021394   0.126761 0.00420779
      0.83 0.00183989   0.104478 0.00361609
      0.84 0.00183989   0.137255  0.0036311
      0.85 0.00136922   0.136364 0.00271121
      0.86 0.00136922   0.181818 0.00271797
      0.87 0.00115528   0.222222 0.00229861
      0.88  0.0010697       0.25 0.00213029
      0.89  0.0010697   0.272727 0.00213105
       0.9  0.0010697      0.375 0.00213332
      0.91  0.0010697        0.4  0.0021337
      0.92  0.0010697          1 0.00213712
      0.93  0.0010697          1 0.00213712
      0.94 0.000385093          1 0.000769889
      0.95 0.000385093          1 0.000769889
      0.96          0          0          0
      0.97          0          0          0
      0.98          0          0          0
      0.99          0          0          0
