         0          1   0.223995   0.366006
      0.01   0.998065   0.221637   0.362725
      0.02   0.997807   0.224309   0.366278
      0.03   0.997614   0.226203   0.368786
      0.04   0.997163   0.227104   0.369952
      0.05   0.996776   0.227747   0.370778
      0.06   0.994648   0.229142   0.372475
      0.07   0.994648    0.23009   0.373727
      0.08   0.994261   0.232137   0.376394
      0.09   0.992584   0.233826    0.37849
       0.1   0.989037   0.237992   0.383663
      0.11     0.9862   0.244721   0.392136
      0.12   0.984459   0.249622    0.39826
      0.13   0.978655   0.257343   0.407525
      0.14   0.974141   0.264291   0.415778
      0.15   0.967692   0.276488   0.430091
      0.16   0.964339   0.283345   0.437996
      0.17   0.957954   0.295354   0.451502
      0.18    0.94841   0.302303    0.45847
      0.19   0.927968   0.316369   0.471867
       0.2   0.917263    0.32694   0.482059
      0.21   0.897079   0.339443   0.492522
      0.22   0.881924   0.355311   0.506545
      0.23   0.876443   0.366963   0.517324
      0.24   0.855485   0.380336   0.526568
      0.25   0.829045    0.39247   0.532741
      0.26   0.792932   0.406685   0.537627
      0.27   0.773199   0.412935   0.538355
      0.28   0.734829   0.420558   0.534952
      0.29   0.719482   0.425588   0.534819
       0.3   0.693751   0.435168   0.534845
      0.31   0.665893   0.443225   0.532207
      0.32   0.639776   0.448444    0.52729
      0.33    0.60534   0.452729   0.518029
      0.34    0.58322   0.454903   0.511131
      0.35   0.550848   0.456539   0.499279
      0.36   0.535823   0.457901   0.493807
      0.37   0.503386     0.4567   0.478908
      0.38   0.484297   0.453298   0.468285
      0.39   0.460437   0.456339   0.458379
       0.4    0.44251   0.452252   0.447328
      0.41   0.405301   0.445006   0.424227
      0.42   0.368737   0.427323   0.395874
      0.43    0.34004   0.414161   0.373458
      0.44   0.296511   0.389562   0.336727
      0.45   0.275037   0.381215   0.319537
      0.46   0.246598   0.362937   0.293665
      0.47   0.226414   0.350811   0.275208
      0.48    0.20236   0.331329   0.251262
      0.49   0.188431   0.316562   0.236241
       0.5   0.147804   0.293244   0.196544
      0.51   0.137873   0.284834   0.185807
      0.52   0.131167    0.27381   0.177367
      0.53   0.115303   0.252684   0.158349
      0.54   0.103179   0.245172   0.145237
      0.55  0.0824789   0.231897    0.12168
      0.56  0.0759012   0.240229   0.115355
      0.57  0.0735797    0.23301   0.111842
      0.58  0.0708067   0.228036    0.10806
      0.59  0.0637776   0.219067  0.0987933
       0.6  0.0498485   0.210309  0.0805941
      0.61  0.0463017   0.198942  0.0751199
      0.62  0.0368221   0.193514  0.0618712
      0.63   0.034565   0.185307  0.0582625
      0.64  0.0335977   0.177187  0.0564849
      0.65  0.0309538   0.170213  0.0523817
      0.66   0.024763   0.165336  0.0430746
      0.67  0.0199265   0.160323  0.0354472
      0.68   0.017347   0.155193  0.0312059
      0.69   0.017218   0.152582  0.0309442
       0.7  0.0171535   0.152123  0.0308306
      0.71  0.0159283   0.146635  0.0287352
      0.72  0.0158638   0.145608  0.0286105
      0.73  0.0158638   0.143902  0.0285773
      0.74  0.0158638   0.145141  0.0286015
      0.75  0.0156703   0.138232  0.0281496
      0.76  0.0146386   0.134085  0.0263954
      0.77  0.0139937   0.132316  0.0253105
      0.78  0.0130909   0.129653  0.0237806
      0.79  0.0125105   0.128405  0.0227996
       0.8  0.0121236      0.125  0.0221033
      0.81  0.0114142   0.125948  0.0209315
      0.82  0.0113497   0.125767  0.0208205
      0.83  0.0112207   0.125193  0.0205956
      0.84  0.0110918   0.124019  0.0203624
      0.85  0.0110918   0.125198  0.0203782
      0.86  0.0110918   0.127214  0.0204045
      0.87  0.0110273   0.126623  0.0202878
      0.88  0.0106404   0.126437  0.0196288
      0.89  0.0103824   0.123967  0.0191601
       0.9 0.00980202   0.124161  0.0181696
      0.91 0.00980202      0.125  0.0181786
      0.92 0.00980202   0.125212  0.0181808
      0.93 0.00967305   0.123939  0.0179455
      0.94 0.00967305    0.12415  0.0179477
      0.95 0.00967305    0.12543   0.017961
      0.96 0.00967305   0.126516   0.017972
      0.97 0.00935062   0.121908   0.017369
      0.98 0.00928613   0.120782  0.0172463
      0.99 0.00902818   0.120939  0.0168021
