         0          1   0.193017   0.323578
      0.01    0.98744   0.164909   0.282619
      0.02    0.98744   0.171831   0.292723
      0.03    0.98744   0.178586   0.302468
      0.04    0.98744   0.188929   0.317173
      0.05    0.98744   0.197199   0.328746
      0.06   0.985195   0.215546   0.353706
      0.07   0.981737   0.228771   0.371072
      0.08   0.973242   0.249391   0.397041
      0.09   0.958922   0.261961   0.411506
       0.1     0.9372   0.277532   0.428248
      0.11   0.913597   0.288944   0.439035
      0.12   0.892968    0.29999   0.449104
      0.13   0.866149   0.322055   0.469528
      0.14   0.850191   0.341894   0.487676
      0.15   0.826588   0.368281    0.50954
      0.16    0.80972   0.386052   0.522832
      0.17   0.784297    0.41165   0.539917
      0.18   0.762393   0.424675   0.545494
      0.19   0.739822   0.442068   0.553438
       0.2   0.722104   0.456225   0.559168
      0.21   0.693526   0.481081   0.568092
      0.22   0.651174   0.497762   0.564226
      0.23    0.62387   0.504489   0.557864
      0.24   0.591044   0.511672   0.548502
      0.25   0.574662   0.513996   0.542639
      0.26   0.544263   0.518535   0.531088
      0.27   0.530672    0.52392   0.527274
      0.28   0.509192   0.530723   0.519735
      0.29   0.494327   0.532481   0.512695
       0.3   0.470481   0.535446   0.500866
      0.31   0.455191   0.539798   0.493897
      0.32   0.448699   0.536824   0.488821
      0.33     0.4345   0.534214   0.479225
      0.34   0.430374   0.531824   0.475751
      0.35   0.415509    0.52387   0.463439
      0.36   0.390389   0.515686   0.444374
      0.37   0.371215   0.509844   0.429623
      0.38   0.359505   0.503806   0.419596
      0.39   0.340271   0.493534   0.402817
       0.4   0.320369   0.484982   0.385852
      0.41   0.293914   0.472328    0.36235
      0.42    0.27292   0.461479   0.342993
      0.43   0.261513   0.454401   0.331972
      0.44   0.248893   0.446055   0.319505
      0.45   0.236879   0.431894   0.305953
      0.46   0.215824   0.419795   0.285083
      0.47   0.211031   0.408181   0.278221
      0.48   0.200898   0.395161   0.266373
      0.49   0.195255   0.387067   0.259571
       0.5   0.184212   0.369115   0.245769
      0.51   0.173837   0.354247   0.233225
      0.52   0.168315   0.343195    0.22586
      0.53   0.152843   0.322314   0.207356
      0.54   0.137674   0.303323   0.189387
      0.55   0.126934   0.280722    0.17482
      0.56   0.113767   0.270616    0.16019
      0.57  0.0994478   0.243243   0.141177
      0.58  0.0881015   0.220382    0.12588
      0.59  0.0752988   0.175732   0.105425
       0.6  0.0563679   0.131024  0.0788247
      0.61  0.0319762  0.0661017  0.0431021
      0.62  0.0159578  0.0386029   0.022581
      0.63 0.00976882  0.0230326   0.013719
      0.64 0.00521813  0.0181452 0.00810535
      0.65 0.00521813  0.0185185 0.00814201
      0.66 0.00521813  0.0196507 0.00824646
      0.67 0.00521813  0.0202247 0.00829586
      0.68 0.00521813  0.0207373 0.00833814
      0.69 0.00521813  0.0212264 0.00837694
       0.7 0.00521813  0.0216346 0.00840825
      0.71 0.00521813  0.0223881  0.0084636
      0.72 0.00521813     0.0225 0.00847156
      0.73 0.00521813    0.02267 0.00848354
      0.74 0.00521813  0.0229592 0.00850358
      0.75 0.00521813  0.0232558 0.00852371
      0.76 0.00521813   0.023622   0.008548
      0.77 0.00521813  0.0241287  0.0085806
      0.78 0.00521813  0.0245902 0.00860933
      0.79 0.00521813      0.025  0.0086341
       0.8 0.00521813      0.025  0.0086341
      0.81 0.00521813  0.0251397  0.0086424
      0.82 0.00521813  0.0252101 0.00864655
      0.83 0.00521813  0.0252101 0.00864655
      0.84 0.00521813  0.0252809  0.0086507
      0.85 0.00521813  0.0255682 0.00866736
      0.86 0.00521813  0.0255682 0.00866736
      0.87 0.00521813  0.0255682 0.00866736
      0.88 0.00521813  0.0255682 0.00866736
      0.89 0.00521813   0.025641 0.00867154
       0.9 0.00521813  0.0230548 0.00851011
      0.91 0.00521813  0.0232558 0.00852371
      0.92 0.00521813  0.0204082 0.00831119
      0.93 0.00521813  0.0204082 0.00831119
      0.94 0.00315515  0.0175953  0.0053508
      0.95 0.00309447  0.0147059 0.00511304
      0.96 0.00309447  0.0147059 0.00511304
      0.97 0.00030338 0.00595238 0.000577334
      0.98 0.00030338 0.00595238 0.000577334
      0.99 0.00030338 0.00619195 0.000578419
