         0          1   0.150167   0.261123
      0.01   0.995351   0.134071   0.236311
      0.02   0.993832   0.146616   0.255534
      0.03   0.990227   0.151586   0.262923
      0.04    0.98311   0.153318   0.265267
      0.05    0.97903    0.15368   0.265659
      0.06    0.97476   0.154111   0.266145
      0.07   0.971439    0.15453   0.266644
      0.08   0.965557   0.156243   0.268964
      0.09   0.963849   0.156908   0.269881
       0.1   0.959863   0.158468   0.272026
      0.11   0.949711   0.161248   0.275688
      0.12    0.94174   0.163204   0.278196
      0.13   0.920486    0.16392   0.278284
      0.14   0.913085   0.166026   0.280965
      0.15   0.883006   0.167132   0.281065
      0.16   0.869058   0.168345   0.282053
      0.17   0.849606   0.171145     0.2849
      0.18   0.832337   0.173665   0.287371
      0.19   0.803492   0.176853   0.289897
       0.2   0.784325   0.176369   0.287981
      0.21   0.725496   0.174461   0.281282
      0.22   0.677294   0.173422   0.276139
      0.23   0.641522    0.17172   0.270922
      0.24   0.590948   0.169247   0.263133
      0.25    0.57254   0.170065   0.262236
      0.26   0.532024    0.17116   0.258997
      0.27   0.499099   0.166089   0.249238
      0.28   0.449378   0.166244   0.242702
      0.29   0.427934   0.166269   0.239488
       0.3   0.396432   0.167731   0.235726
      0.31   0.370149   0.168199   0.231295
      0.32   0.350508   0.168882   0.227939
      0.33   0.324794   0.168915   0.222247
      0.34   0.312458   0.167288   0.217909
      0.35   0.290445   0.165532   0.210879
      0.36   0.273176   0.163225    0.20435
      0.37   0.252965   0.160834   0.196643
      0.38   0.233229   0.156708    0.18746
      0.39   0.203625   0.150082     0.1728
       0.4   0.186261   0.146267   0.163859
      0.41   0.171269    0.14678   0.158082
      0.42    0.16159   0.147826   0.154402
      0.43   0.154189   0.146328   0.150156
      0.44   0.147073   0.143698   0.145366
      0.45   0.141759   0.144819   0.143273
      0.46   0.131986   0.141672   0.136658
      0.47   0.130373   0.140338   0.135172
      0.48    0.11614   0.130576   0.122936
      0.49   0.103615   0.129983   0.115311
       0.5  0.0981118   0.127168   0.110766
      0.51  0.0868204   0.128177   0.103521
      0.52  0.0840687   0.127381   0.101289
      0.53  0.0734415   0.118439   0.090664
      0.54  0.0654711   0.113122  0.0829397
      0.55  0.0649967   0.122483  0.0849265
      0.56  0.0536104   0.118959  0.0739116
      0.57  0.0405162   0.124183  0.0610983
      0.58  0.0369105   0.122931  0.0567744
      0.59  0.0311225   0.122905  0.0496679
       0.6  0.0245754   0.126623   0.041162
      0.61  0.0245754   0.151394  0.0422865
      0.62  0.0245754   0.173469  0.0430517
      0.63   0.024101   0.175758  0.0423892
      0.64  0.0226777   0.210084  0.0409364
      0.65  0.0200209   0.162791  0.0356565
      0.66  0.0165101   0.105263  0.0285433
      0.67  0.0101528  0.0697674   0.017726
      0.68 0.00502894  0.0588235 0.00926573
      0.69          0          0          0
       0.7          0          0          0
      0.71          0          0          0
      0.72          0          0          0
      0.73          0          0          0
      0.74          0          0          0
      0.75          0          0          0
      0.76          0          0          0
      0.77          0          0          0
      0.78          0          0          0
      0.79          0          0          0
       0.8          0          0          0
      0.81          0          0          0
      0.82          0          0          0
      0.83          0          0          0
      0.84          0          0          0
      0.85          0          0          0
      0.86          0          0          0
      0.87          0          0          0
      0.88          0          0          0
      0.89          0          0          0
       0.9          0          0          0
      0.91          0          0          0
      0.92          0          0          0
      0.93          0          0          0
      0.94          0          0          0
      0.95          0          0          0
      0.96          0          0          0
      0.97          0          0          0
      0.98          0          0          0
      0.99          0          0          0
