         0          1   0.230724    0.37494
      0.01          1   0.222798   0.364407
      0.02          1   0.222636    0.36419
      0.03   0.999662   0.222471   0.363947
      0.04   0.999154   0.220945   0.361869
      0.05   0.997715   0.219219   0.359458
      0.06     0.9868   0.215294    0.35347
      0.07   0.981892   0.213618   0.350896
      0.08   0.972669   0.211222   0.347074
      0.09   0.966069   0.209259   0.344004
       0.1   0.945507   0.208049   0.341052
      0.11   0.915045   0.207651   0.338488
      0.12   0.902183   0.208747   0.339046
      0.13   0.875783   0.209457   0.338061
      0.14   0.858352   0.211117   0.338883
      0.15   0.825943   0.213872   0.339765
      0.16   0.808089   0.216066   0.340965
      0.17   0.773312   0.219269   0.341662
      0.18   0.751735   0.222663   0.343562
      0.19   0.721865   0.227498   0.345965
       0.2   0.707057   0.230955   0.348179
      0.21    0.67871   0.235461   0.349628
      0.22   0.641733   0.237604   0.346803
      0.23   0.615163   0.239545   0.344818
      0.24   0.591809   0.244038   0.345575
      0.25   0.572009   0.245743   0.343789
      0.26   0.526316   0.245905   0.335199
      0.27   0.513793   0.247655   0.334214
      0.28   0.486377   0.249224   0.329572
      0.29   0.466238   0.252271   0.327396
       0.3   0.444491   0.252855   0.322342
      0.31   0.395414   0.252907   0.308498
      0.32   0.382129   0.253724   0.304961
      0.33   0.352852    0.25103   0.293357
      0.34   0.342782   0.250749    0.28963
      0.35    0.32332   0.247106   0.280122
      0.36   0.309697   0.244428   0.273219
      0.37   0.279827   0.240935   0.258929
      0.38   0.267981   0.242247   0.254465
      0.39   0.251819   0.244998   0.248362
       0.4   0.238281   0.243876   0.241046
      0.41   0.223303   0.250517   0.236129
      0.42   0.201218   0.246343   0.221506
      0.43   0.185226    0.24316   0.210275
      0.44   0.159672   0.242225    0.19247
      0.45   0.150956    0.24483    0.18676
      0.46   0.134625   0.253323   0.175815
      0.47   0.128956   0.254936   0.171275
      0.48   0.116433   0.261297   0.161086
      0.49   0.105432   0.262693   0.150472
       0.5  0.0934168   0.256376   0.136937
      0.51  0.0820782   0.253968   0.124062
      0.52  0.0730242   0.252236   0.113259
      0.53  0.0528008   0.239374  0.0865176
      0.54  0.0450161   0.243108  0.0759657
      0.55  0.0363006   0.235119  0.0628912
      0.56  0.0331697   0.219595  0.0576339
      0.57   0.025385      0.188  0.0447302
      0.58  0.0226773   0.173333  0.0401073
      0.59  0.0154849   0.138298  0.0278513
       0.6  0.0127771   0.134831  0.0233422
      0.61  0.0120156   0.140127  0.0221333
      0.62   0.011931   0.145985  0.0220591
      0.63   0.011931   0.152672  0.0221323
      0.64   0.011931   0.178571  0.0223675
      0.65  0.0117617    0.17757  0.0220621
      0.66  0.0105771   0.177083  0.0199619
      0.67  0.0105771   0.168539   0.019905
      0.68  0.0105771   0.178571  0.0199712
      0.69  0.0104925     0.1625  0.0197121
       0.7 0.00990015   0.135135  0.0184487
      0.71 0.00871552   0.117647  0.0162288
      0.72  0.0086309  0.0819672  0.0156173
      0.73  0.0055847  0.0392157 0.00977705
      0.74 0.00287697       0.02 0.00503033
      0.75          0          0          0
      0.76          0          0          0
      0.77          0          0          0
      0.78          0          0          0
      0.79          0          0          0
       0.8          0          0          0
      0.81          0          0          0
      0.82          0          0          0
      0.83          0          0          0
      0.84          0          0          0
      0.85          0          0          0
      0.86          0          0          0
      0.87          0          0          0
      0.88          0          0          0
      0.89          0          0          0
       0.9          0          0          0
      0.91          0          0          0
      0.92          0          0          0
      0.93          0          0          0
      0.94          0          0          0
      0.95          0          0          0
      0.96          0          0          0
      0.97          0          0          0
      0.98          0          0          0
      0.99          0          0          0
