         0          1   0.282356    0.44037
      0.01   0.998818   0.278538   0.435601
      0.02   0.998818   0.278538   0.435601
      0.03   0.998818   0.278556   0.435623
      0.04   0.998818   0.278923   0.436071
      0.05   0.998818   0.279861   0.437217
      0.06   0.998818   0.282217   0.440087
      0.07   0.998705   0.285472   0.444023
      0.08   0.998367   0.292733   0.452723
      0.09   0.997748    0.29815   0.459108
       0.1   0.997354   0.307751   0.470363
      0.11   0.994876   0.318554   0.482587
      0.12   0.989358   0.323262   0.487303
      0.13   0.981194   0.333425   0.497717
      0.14   0.968806   0.340381   0.503768
      0.15   0.948705   0.347878   0.509083
      0.16   0.940259   0.353207   0.513514
      0.17   0.917061   0.362135   0.519232
      0.18    0.89741   0.367373   0.521329
      0.19   0.869088   0.373084   0.522058
       0.2   0.849493   0.376938   0.522176
      0.21   0.825225   0.383279   0.523443
      0.22   0.795101   0.388527   0.521985
      0.23   0.775732   0.392116   0.520919
      0.24   0.733108    0.39248   0.511253
      0.25   0.708896    0.39235   0.505129
      0.26   0.683784   0.396003   0.501544
      0.27   0.657601   0.396341   0.494589
      0.28   0.623142   0.398664   0.486246
      0.29   0.593074   0.401232   0.478646
       0.3   0.555687   0.406613   0.469603
      0.31   0.511599   0.414584   0.458011
      0.32   0.487162   0.417417   0.449601
      0.33   0.460529   0.425518   0.442332
      0.34   0.436599   0.430515   0.433536
      0.35   0.406644   0.435067   0.420376
      0.36   0.386655   0.436236   0.409952
      0.37   0.358896   0.437541   0.394336
      0.38   0.338176   0.434403   0.380297
      0.39    0.31768   0.434483   0.367012
       0.4   0.293131   0.435855   0.350521
      0.41   0.275225   0.437186   0.337795
      0.42   0.254842   0.446138   0.324388
      0.43   0.244538   0.443723   0.315308
      0.44   0.229673   0.444172   0.302783
      0.45   0.212162   0.445418    0.28742
      0.46   0.196509   0.444613   0.272555
      0.47   0.191216    0.45098   0.268562
      0.48   0.175394   0.461395   0.254169
      0.49   0.169144   0.480506   0.250211
       0.5   0.154223   0.487562   0.234325
      0.51   0.141104   0.513196   0.221348
      0.52   0.131363   0.514286   0.209272
      0.53   0.120552   0.544944   0.197429
      0.54   0.115259   0.571429   0.191826
      0.55   0.101633   0.571782   0.172589
      0.56  0.0883446    0.57423    0.15313
      0.57  0.0833896   0.599359   0.146409
      0.58   0.073536   0.605839   0.131153
      0.59  0.0654279   0.627803   0.118506
       0.6  0.0583896   0.606218    0.10652
      0.61  0.0539977   0.607595  0.0991811
      0.62   0.046509   0.608696  0.0864152
      0.63  0.0392455   0.605263  0.0737115
      0.64  0.0306869   0.574468  0.0582617
      0.65  0.0282658   0.585366  0.0539275
      0.66  0.0195383   0.564516  0.0377694
      0.67   0.017455   0.568966  0.0338708
      0.68  0.0148649       0.58  0.0289868
      0.69  0.0123874        0.6  0.0242736
       0.7 0.00900901   0.666667  0.0177778
      0.71 0.00855856   0.692308  0.0169081
      0.72 0.00850225   0.894737  0.0168444
      0.73  0.0053491          1  0.0106413
      0.74 0.00495495          1 0.00986105
      0.75 0.00275901          1 0.00550284
      0.76 0.00275901          1 0.00550284
      0.77          0          0          0
      0.78          0          0          0
      0.79          0          0          0
       0.8          0          0          0
      0.81          0          0          0
      0.82          0          0          0
      0.83          0          0          0
      0.84          0          0          0
      0.85          0          0          0
      0.86          0          0          0
      0.87          0          0          0
      0.88          0          0          0
      0.89          0          0          0
       0.9          0          0          0
      0.91          0          0          0
      0.92          0          0          0
      0.93          0          0          0
      0.94          0          0          0
      0.95          0          0          0
      0.96          0          0          0
      0.97          0          0          0
      0.98          0          0          0
      0.99          0          0          0
