         0          1   0.253826   0.404882
      0.01   0.998194    0.25654   0.408177
      0.02   0.998194   0.256998   0.408757
      0.03   0.998194    0.25993   0.412456
      0.04    0.99803   0.269208   0.424036
      0.05   0.997866    0.27628   0.432746
      0.06   0.995459   0.286062   0.444414
      0.07   0.991793   0.291368   0.450414
      0.08    0.98944    0.30193   0.462674
      0.09   0.985336   0.308144   0.469471
       0.1   0.975268   0.319746   0.481597
      0.11     0.9623   0.330966   0.492534
      0.12   0.957649   0.337193   0.498768
      0.13   0.939976   0.347783   0.507716
      0.14    0.92471   0.353277   0.511239
      0.15   0.892646   0.362287   0.515396
      0.16   0.870267   0.369041   0.518296
      0.17   0.835522   0.378534   0.521019
      0.18   0.809696   0.384085   0.521021
      0.19   0.765704   0.392125   0.518646
       0.2    0.74223   0.399669   0.519566
      0.21   0.703929   0.404838   0.514043
      0.22   0.672193   0.412291   0.511099
      0.23   0.645327    0.41567   0.505644
      0.24   0.587765   0.419436   0.489535
      0.25   0.566918   0.422896   0.484429
      0.26   0.535839   0.428571    0.47624
      0.27   0.514336   0.433309   0.470359
      0.28   0.472751   0.436045   0.453657
      0.29   0.451521   0.438591   0.444962
       0.3   0.415682   0.435976   0.425587
      0.31   0.384384   0.434898   0.408084
      0.32   0.364193   0.430442   0.394556
      0.33    0.32622   0.426275   0.369596
      0.34   0.305483   0.422809   0.354695
      0.35   0.278343   0.408264   0.331012
      0.36   0.257606   0.397375   0.312577
      0.37   0.237853   0.387287    0.29471
      0.38   0.221985   0.376504   0.279298
      0.39   0.194244   0.351665   0.250257
       0.4   0.175859   0.334173   0.230446
      0.41   0.152769   0.305581   0.203701
      0.42   0.126067   0.279352   0.173732
      0.43   0.108339   0.269397   0.154532
      0.44  0.0871635   0.246154    0.12874
      0.45  0.0768221   0.232258   0.115456
      0.46  0.0641278   0.194602  0.0964667
      0.47  0.0537864   0.185241  0.0833665
      0.48  0.0479864   0.177419  0.0755413
      0.49  0.0419676   0.173838  0.0676124
       0.5  0.0373714   0.177264  0.0617289
      0.51  0.0353469   0.171367  0.0586055
      0.52  0.0328299   0.160465   0.054508
      0.53  0.0306413    0.15873  0.0513667
      0.54  0.0272489   0.142045   0.045726
      0.55  0.0202998   0.124224   0.034897
      0.56  0.0194244   0.118243  0.0333673
      0.57  0.0147188   0.101887  0.0257217
      0.58  0.0134603  0.0931174  0.0235206
      0.59 0.00941125  0.0840708  0.0169276
       0.6 0.00612826  0.0721154  0.0112965
      0.61 0.00465091  0.0597826  0.0086304
      0.62 0.00109433  0.0416667 0.00213265
      0.63 0.000437733  0.0194805 0.000856225
      0.64 5.47166e-05 0.00757576 0.000108648
      0.65 5.47166e-05 0.00793651 0.000108684
      0.66 5.47166e-05 0.00884956 0.000108761
      0.67 5.47166e-05 0.00961538 0.000108814
      0.68 5.47166e-05  0.0107527 0.000108879
      0.69 5.47166e-05  0.0120482 0.000108938
       0.7          0          0          0
      0.71          0          0          0
      0.72          0          0          0
      0.73          0          0          0
      0.74          0          0          0
      0.75          0          0          0
      0.76          0          0          0
      0.77          0          0          0
      0.78          0          0          0
      0.79          0          0          0
       0.8          0          0          0
      0.81          0          0          0
      0.82          0          0          0
      0.83          0          0          0
      0.84          0          0          0
      0.85          0          0          0
      0.86          0          0          0
      0.87          0          0          0
      0.88          0          0          0
      0.89          0          0          0
       0.9          0          0          0
      0.91          0          0          0
      0.92          0          0          0
      0.93          0          0          0
      0.94          0          0          0
      0.95          0          0          0
      0.96          0          0          0
      0.97          0          0          0
      0.98          0          0          0
      0.99          0          0          0
