         0          1   0.418411   0.589971
      0.01   0.998544   0.400993   0.572203
      0.02   0.998513   0.402357   0.573584
      0.03   0.997247   0.408486   0.579571
      0.04   0.995981    0.42174   0.592563
      0.05   0.995854   0.429719   0.600372
      0.06   0.995569   0.440895   0.611142
      0.07   0.995569   0.450155    0.61998
      0.08   0.995158   0.464438   0.633311
      0.09   0.994557   0.472113   0.640285
       0.1   0.993417   0.484263   0.651122
      0.11   0.992405   0.495077   0.660602
      0.12   0.992025   0.500882   0.665664
      0.13    0.99136   0.508114   0.671867
      0.14    0.99117   0.511809   0.675045
      0.15   0.988923   0.516365   0.678468
      0.16    0.98829   0.519647   0.681145
      0.17   0.985885   0.525431   0.685515
      0.18   0.984461    0.52993   0.688984
      0.19   0.979999   0.539458   0.695865
       0.2   0.974903   0.547907    0.70154
      0.21   0.969144   0.560216   0.710009
      0.22   0.958921   0.576435   0.720036
      0.23   0.951231   0.586586   0.725677
      0.24    0.92202   0.604201    0.73002
      0.25   0.907399   0.618787   0.735804
      0.26   0.885879   0.639749    0.74296
      0.27   0.870751   0.653717   0.746785
      0.28   0.841509   0.676772   0.750203
      0.29   0.822394   0.693005   0.752176
       0.3   0.794512   0.717078   0.753812
      0.31   0.765397    0.72917   0.746844
      0.32   0.742832   0.735665   0.739231
      0.33   0.707988   0.744314   0.725697
      0.34   0.684315   0.748378   0.714914
      0.35   0.653712   0.757687    0.70187
      0.36   0.638806    0.76506   0.696256
      0.37   0.611083   0.773907   0.682924
      0.38   0.590512   0.779109   0.671826
      0.39   0.569403   0.788187   0.661166
       0.4   0.559751   0.793868   0.656563
      0.41   0.545604   0.800759   0.649004
      0.42   0.530856   0.809894   0.641338
      0.43   0.522217   0.812658    0.63584
      0.44   0.506551   0.819103   0.625981
      0.45   0.492784   0.821945    0.61616
      0.46   0.481043   0.825046   0.607742
      0.47   0.471612   0.826296   0.600491
      0.48    0.45639   0.823578   0.587316
      0.49   0.451991   0.821327   0.583094
       0.5   0.438192   0.816652   0.570351
      0.51   0.420501   0.809866   0.553574
      0.52   0.408001   0.806693   0.541916
      0.53   0.392462   0.803522   0.527351
      0.54   0.377587   0.802321   0.513508
      0.55   0.363029   0.795783   0.498601
      0.56    0.34768    0.78993   0.482842
      0.57   0.328439   0.780729   0.462368
      0.58   0.306981   0.775145   0.439792
      0.59   0.276568   0.769188    0.40685
       0.6    0.25337   0.753474   0.379221
      0.61   0.225457   0.731773    0.34471
      0.62   0.196247   0.706833   0.307201
      0.63   0.181784   0.692009   0.287931
      0.64   0.162194   0.668346   0.261039
      0.65   0.151244   0.651865   0.245522
      0.66   0.136053   0.628599   0.223691
      0.67   0.132635   0.616384   0.218296
      0.68   0.114279   0.570942    0.19044
      0.69  0.0976644   0.525982    0.16474
       0.7  0.0719033   0.455235   0.124191
      0.71  0.0527249   0.368705   0.092257
      0.72  0.0445914   0.341131  0.0788729
      0.73   0.033135    0.28903  0.0594541
      0.74  0.0296538    0.26898  0.0534184
      0.75  0.0236091   0.240363  0.0429951
      0.76  0.0206026   0.209906  0.0375223
      0.77  0.0169315   0.190821  0.0311031
      0.78  0.0151592   0.181373  0.0279798
      0.79  0.0102222   0.167082  0.0192657
       0.8 0.00788025   0.156566  0.0150052
      0.81 0.00769036   0.147959  0.0146208
      0.82 0.00737388   0.141388  0.0140167
      0.83 0.00724729   0.136951  0.0137661
      0.84 0.00721565   0.132813  0.0136876
      0.85  0.0071207    0.13089  0.0135066
      0.86 0.00639281   0.119681  0.0121373
      0.87 0.00639281       0.12  0.0121389
      0.88 0.00639281   0.120321  0.0121406
      0.89 0.00601304    0.11828  0.0114443
       0.9 0.00575986    0.11413  0.0109663
      0.91 0.00500032    0.10084 0.00952816
      0.92 0.00484208  0.0965909 0.00922187
      0.93 0.00481043  0.0982143 0.00917164
      0.94 0.00481043   0.102167 0.00918824
      0.95 0.00481043   0.111864  0.0092242
      0.96 0.00481043   0.113475  0.0092296
      0.97 0.00481043   0.117216  0.0092416
      0.98 0.00481043   0.126984 0.00926971
      0.99  0.0039243   0.119149 0.00759834
