         0          1   0.223412   0.365227
      0.01   0.999719   0.232335   0.377045
      0.02   0.999719   0.232335   0.377045
      0.03   0.999719   0.232416   0.377151
      0.04   0.999719   0.234129   0.379403
      0.05   0.999719   0.237509    0.38383
      0.06   0.999719   0.242557   0.390394
      0.07   0.999719   0.246145   0.395028
      0.08   0.999719   0.252092    0.40265
      0.09   0.999719   0.255443   0.406913
       0.1   0.999085   0.262206   0.415393
      0.11   0.997819   0.268194   0.422759
      0.12    0.99606   0.272076   0.427406
      0.13   0.992964   0.278233    0.43467
      0.14   0.990361    0.28337   0.440656
      0.15   0.985928   0.290139   0.448341
      0.16   0.979596    0.29527   0.453766
      0.17   0.971083   0.302014   0.460736
      0.18   0.964751   0.307117   0.465915
      0.19   0.957082   0.315987   0.475113
       0.2   0.947442    0.32122   0.479777
      0.21   0.934989   0.332421   0.490464
      0.22   0.920495   0.341451   0.498125
      0.23   0.906564   0.345136   0.499941
      0.24   0.875536    0.35027   0.500363
      0.25   0.856188   0.354654   0.501553
      0.26   0.819461   0.356315   0.496669
      0.27   0.801379    0.35893   0.495797
      0.28   0.759305   0.358381   0.486935
      0.29   0.723633   0.357412   0.478491
       0.3   0.658482   0.354712   0.461059
      0.31   0.597622   0.347106   0.439149
      0.32   0.549708   0.339969   0.420116
      0.33   0.487019   0.330935   0.394085
      0.34   0.450433   0.325404   0.377844
      0.35   0.384226   0.320065   0.349223
      0.36    0.35369   0.324431   0.338429
      0.37    0.30648   0.327187   0.316495
      0.38   0.281925   0.327295    0.30292
      0.39   0.242032   0.320816    0.27591
       0.4   0.221698   0.317605   0.261124
      0.41    0.18673    0.30407   0.231374
      0.42   0.170618   0.289894    0.21481
      0.43   0.158235   0.283115   0.203008
      0.44    0.14536   0.268253   0.188549
      0.45   0.129811   0.241935   0.168964
      0.46   0.104271        0.2   0.137076
      0.47  0.0894252   0.174497    0.11825
      0.48  0.0716246   0.144291  0.0957299
      0.49  0.0573419   0.124324  0.0784845
       0.5  0.0411595  0.0896657  0.0564202
      0.51  0.0201928  0.0604027  0.0302672
      0.52  0.0137198  0.0482143  0.0213611
      0.53 0.00886512  0.0410959  0.0145842
      0.54 0.00619151  0.0368098  0.0106001
      0.55 0.00576937  0.0304348 0.00969996
      0.56 0.00379934  0.0180995 0.00628035
      0.57 0.00358826  0.0120773 0.00553271
      0.58 0.00351791 0.00997506 0.00520143
      0.59 0.000211074 0.00262467 0.000390727
       0.6 0.000211074 0.00271003 0.000391645
      0.61 0.000211074 0.00289855 0.000393494
      0.62 0.000211074 0.00309598 0.000395205
      0.63          0          0          0
      0.64          0          0          0
      0.65          0          0          0
      0.66          0          0          0
      0.67          0          0          0
      0.68          0          0          0
      0.69          0          0          0
       0.7          0          0          0
      0.71          0          0          0
      0.72          0          0          0
      0.73          0          0          0
      0.74          0          0          0
      0.75          0          0          0
      0.76          0          0          0
      0.77          0          0          0
      0.78          0          0          0
      0.79          0          0          0
       0.8          0          0          0
      0.81          0          0          0
      0.82          0          0          0
      0.83          0          0          0
      0.84          0          0          0
      0.85          0          0          0
      0.86          0          0          0
      0.87          0          0          0
      0.88          0          0          0
      0.89          0          0          0
       0.9          0          0          0
      0.91          0          0          0
      0.92          0          0          0
      0.93          0          0          0
      0.94          0          0          0
      0.95          0          0          0
      0.96          0          0          0
      0.97          0          0          0
      0.98          0          0          0
      0.99          0          0          0
