         0          1   0.176689   0.300316
      0.01   0.996301    0.15821   0.273058
      0.02   0.996301   0.158153   0.272974
      0.03   0.995808   0.157881    0.27255
      0.04    0.99474   0.158237   0.273041
      0.05   0.993918   0.158959   0.274083
      0.06   0.992439   0.160866   0.276856
      0.07    0.99063   0.162844   0.279708
      0.08   0.987507   0.165126    0.28294
      0.09   0.982494   0.166274   0.284415
       0.1   0.974603   0.167768    0.28626
      0.11   0.958083   0.169596    0.28818
      0.12   0.946659    0.17151   0.290406
      0.13   0.927344   0.174858   0.294236
      0.14   0.903838   0.177503   0.296731
      0.15   0.873099   0.183442   0.303183
      0.16   0.850086   0.186522   0.305921
      0.17   0.822142   0.190907   0.309861
      0.18   0.795184   0.195141   0.313378
      0.19   0.767897   0.201756   0.319553
       0.2   0.749651    0.20911   0.327004
      0.21   0.720967   0.219873   0.336978
      0.22   0.676831   0.228755   0.341941
      0.23   0.646585   0.234847    0.34455
      0.24   0.611408   0.245964   0.350803
      0.25   0.593737   0.255212    0.35698
      0.26   0.558067   0.272102   0.365832
      0.27    0.51689    0.28315   0.365875
      0.28    0.49363   0.301011   0.373976
      0.29   0.471357   0.311685   0.375241
       0.3   0.437988   0.324035   0.372491
      0.31   0.405277   0.341155   0.370461
      0.32    0.39188   0.357667   0.373993
      0.33   0.356538   0.368322   0.362334
      0.34   0.325388   0.373732   0.347889
      0.35   0.298184   0.386667   0.336709
      0.36   0.291773   0.392547    0.33474
      0.37   0.266623   0.388811   0.316328
      0.38   0.239007   0.384382   0.294744
      0.39   0.209337   0.386935   0.271687
       0.4   0.197584   0.392566   0.262864
      0.41   0.184105      0.375   0.246963
      0.42   0.163393   0.358259   0.224429
      0.43   0.143914   0.340476   0.202313
      0.44   0.116052    0.31732   0.169949
      0.45   0.107915    0.30251   0.159081
      0.46  0.0990384   0.279944   0.146314
      0.47  0.0932851   0.261696   0.137542
      0.48  0.0715049   0.219969   0.107926
      0.49  0.0687104   0.208065   0.103306
       0.5  0.0620531   0.176068  0.0917648
      0.51  0.0496425   0.149013  0.0744744
      0.52  0.0490671   0.143898  0.0731807
      0.53  0.0448755   0.126415  0.0662376
      0.54  0.0384647   0.116279   0.057807
      0.55  0.0353415   0.100604  0.0523076
      0.56  0.0283554  0.0847107  0.0424885
      0.57  0.0260541  0.0756303  0.0387567
      0.58   0.020794  0.0602151  0.0309128
      0.59  0.0128216  0.0447427  0.0199315
       0.6 0.00821895  0.0344037  0.0132682
      0.61 0.00484918  0.0324826  0.0084386
      0.62 0.00369853  0.0305164 0.00659746
      0.63 0.00369853  0.0311751 0.00661256
      0.64 0.00263006   0.029484 0.00482934
      0.65 0.00263006  0.0300752 0.00483712
      0.66 0.00263006    0.03125 0.00485179
      0.67 0.00230131  0.0289474 0.00426365
      0.68 0.00230131  0.0299728 0.00427442
      0.69 0.00230131  0.0303867 0.00427858
       0.7 0.00230131  0.0314286 0.00428859
      0.71 0.00189036  0.0240964  0.0035057
      0.72 0.00189036  0.0244648 0.00350954
      0.73 0.00189036  0.0253968  0.0035188
      0.74 0.00189036    0.02589 0.00352345
      0.75 0.00189036  0.0267559 0.00353123
      0.76 0.00164379  0.0245614 0.00308136
      0.77 0.00164379  0.0257353  0.0030902
      0.78 0.00164379  0.0269231 0.00309841
      0.79 0.000821895  0.0247934 0.00159105
       0.8 0.000821895  0.0210084  0.0015819
      0.81 0.000821895  0.0220264 0.00158466
      0.82 0.000493137  0.0186916 0.000960922
      0.83 0.000493137  0.0195122 0.000961962
      0.84 0.000493137  0.0207254 0.000963352
      0.85 0.000493137   0.021164 0.000963817
      0.86 0.000493137  0.0213904 0.000964049
      0.87 0.000493137  0.0217391 0.000964398
      0.88 0.000493137  0.0224719 0.000965096
      0.89 0.000493137  0.0229885 0.000965562
       0.9 0.000493137  0.0245399 0.000966845
      0.91 0.000493137  0.0277778 0.00096907
      0.92 0.000493137  0.0347826 0.000972487
      0.93 0.000493137  0.0377358 0.000973552
      0.94 0.000493137   0.039604 0.000974145
      0.95 0.000493137  0.0430108 0.000975094
      0.96 0.000493137  0.0465116 0.000975927
      0.97 0.000493137     0.0625 0.000978553
      0.98 0.000493137  0.0952381 0.000981194
      0.99 0.000493137   0.129032 0.000982519
