         0          1   0.263807   0.417479
      0.01   0.999736    0.21671   0.356206
      0.02   0.999736   0.246468   0.395446
      0.03   0.999736   0.299988   0.461496
      0.04    0.99966   0.325268    0.49083
      0.05   0.999547    0.34623    0.51431
      0.06   0.999245   0.384779   0.555609
      0.07   0.997658   0.407609   0.578758
      0.08   0.996676   0.434344   0.605023
      0.09   0.996374   0.446118   0.616295
       0.1   0.994108   0.460965   0.629864
      0.11   0.991879   0.472833   0.640389
      0.12   0.991086   0.479966   0.646732
      0.13   0.984627   0.490101   0.654448
      0.14   0.980623   0.496155   0.658922
      0.15   0.956563   0.506396   0.662219
      0.16   0.944514   0.513594   0.665378
      0.17   0.922833   0.523077   0.667694
      0.18   0.904514   0.529874   0.668269
      0.19   0.874636   0.542015   0.669277
       0.2   0.866516   0.550873   0.673549
      0.21   0.831879   0.561547    0.67049
      0.22   0.800529   0.568317   0.664727
      0.23   0.770803    0.57337   0.657587
      0.24   0.733824   0.572084   0.642938
      0.25   0.697375   0.573425   0.629355
      0.26   0.667649   0.586277   0.624323
      0.27   0.638942   0.589278   0.613106
      0.28   0.608763    0.59695   0.602799
      0.29   0.575713    0.59306   0.584258
       0.3   0.512446   0.581958   0.544994
      0.31   0.445099   0.573733   0.501296
      0.32   0.398489   0.574692   0.470639
      0.33   0.358489   0.563986   0.438349
      0.34    0.33881   0.559538   0.422057
      0.35   0.290916   0.554191   0.381545
      0.36   0.260774   0.554377     0.3547
      0.37   0.234825   0.550398   0.329199
      0.38   0.225836   0.553735   0.320826
      0.39   0.222587   0.564815    0.31933
       0.4   0.220661   0.569149   0.318023
      0.41   0.215486   0.571024   0.312896
      0.42   0.205817   0.581897    0.30408
      0.43   0.197016   0.591265   0.295551
      0.44   0.191992   0.601399   0.291065
      0.45   0.187422   0.615953   0.287395
      0.46   0.179754   0.624406   0.279148
      0.47   0.178508   0.625717   0.277772
      0.48   0.169707   0.635481   0.267877
      0.49   0.163324   0.636531   0.259949
       0.5   0.156412   0.632572   0.250808
      0.51    0.15305   0.621795   0.245638
      0.52   0.146402   0.604143    0.23569
      0.53   0.139943   0.568627   0.224609
      0.54   0.126119   0.554469   0.205496
      0.55   0.106931   0.524257   0.177631
      0.56   0.103116   0.506645   0.171357
      0.57  0.0924268   0.467681    0.15435
      0.58  0.0842304   0.442827   0.141539
      0.59  0.0662512   0.380048   0.112833
       0.6  0.0597545    0.35443   0.102267
      0.61  0.0449858   0.299419  0.0782196
      0.62  0.0367139   0.258278  0.0642891
      0.63  0.0325212   0.223443  0.0567786
      0.64  0.0250425    0.16996   0.043653
      0.65  0.0185458   0.146341  0.0329197
      0.66  0.0149575   0.121849  0.0266443
      0.67  0.0128423   0.104348    0.02287
      0.68 0.00868744  0.0765766  0.0156046
      0.69 0.00521246  0.0757576 0.00975382
       0.7 0.00313503   0.077381 0.00602593
      0.71 0.00249292  0.0740741  0.0048235
      0.72 0.00241737  0.0947368 0.00471445
      0.73 0.00241737   0.219512 0.00478209
      0.74 0.00075543        0.4 0.00150801
      0.75 0.00075543   0.444444  0.0015083
      0.76 0.000491029      0.375 0.000980774
      0.77 0.000491029      0.375 0.000980774
      0.78 0.000491029        0.5 0.000981095
      0.79 0.000491029        0.5 0.000981095
       0.8 0.000491029        0.6 0.000981256
      0.81 0.000491029        0.6 0.000981256
      0.82 0.000415486        0.5 0.000830283
      0.83 0.000415486        0.5 0.000830283
      0.84 0.000415486        0.5 0.000830283
      0.85 0.000415486        0.5 0.000830283
      0.86 0.000415486        0.5 0.000830283
      0.87          0          0          0
      0.88          0          0          0
      0.89          0          0          0
       0.9          0          0          0
      0.91          0          0          0
      0.92          0          0          0
      0.93          0          0          0
      0.94          0          0          0
      0.95          0          0          0
      0.96          0          0          0
      0.97          0          0          0
      0.98          0          0          0
      0.99          0          0          0
