         0          1   0.181029   0.306561
      0.01   0.996015   0.162841   0.279917
      0.02   0.996015    0.16338   0.280713
      0.03   0.996015   0.164846   0.282875
      0.04   0.995692   0.167767   0.287152
      0.05   0.990521   0.170093   0.290331
      0.06   0.985782   0.173422   0.294955
      0.07    0.97975   0.176588   0.299242
      0.08   0.970487   0.180697   0.304667
      0.09   0.961978   0.182347   0.306581
       0.1   0.939573   0.185709   0.310122
      0.11   0.913292   0.188928   0.313089
      0.12   0.893688   0.191587   0.315531
      0.13   0.867837   0.194674   0.318012
      0.14   0.845972   0.197243   0.319899
      0.15   0.805795   0.200201   0.320719
      0.16   0.793623   0.201745   0.321709
      0.17   0.774666   0.205267   0.324539
      0.18   0.764757   0.208037   0.327094
      0.19   0.741706   0.212666   0.330553
       0.2   0.729858   0.216717     0.3342
      0.21   0.705192   0.223019   0.338869
      0.22    0.68171   0.227882    0.34158
      0.23   0.665661   0.232838      0.345
      0.24   0.640888   0.238036   0.347139
      0.25   0.629578   0.242897   0.350549
      0.26   0.612882   0.252049   0.357199
      0.27   0.595972   0.259973   0.362025
      0.28   0.577122   0.272387   0.370097
      0.29   0.561504   0.279774   0.373466
       0.3   0.541146   0.296256   0.382893
      0.31   0.529405   0.311846   0.392493
      0.32   0.519065   0.321168   0.396811
      0.33    0.50614   0.331785   0.400822
      0.34   0.496876   0.339791   0.403587
      0.35   0.484597   0.352599   0.408193
      0.36   0.472533   0.359787   0.408524
      0.37   0.466609   0.373477   0.414881
      0.38   0.457561   0.380686   0.415599
      0.39   0.450345   0.397779   0.422433
       0.4   0.442159   0.406794    0.42374
      0.41   0.423955    0.41875   0.421337
      0.42   0.415554   0.429911   0.422611
      0.43   0.408875   0.438303   0.423078
      0.44   0.379901    0.44396    0.40944
      0.45   0.367191   0.451163   0.404869
      0.46   0.351573    0.46284   0.399606
      0.47   0.342525   0.465625   0.394699
      0.48   0.320013   0.463953   0.378769
      0.49   0.314412    0.47354   0.377908
       0.5   0.294054    0.46209   0.359401
      0.51   0.266588   0.452894   0.335619
      0.52   0.246876   0.453431   0.319692
      0.53   0.224472   0.448895   0.299285
      0.54   0.199914   0.445113   0.275909
      0.55   0.172124   0.440351   0.247504
      0.56   0.153059   0.427767    0.22545
      0.57   0.138087   0.422037   0.208089
      0.58   0.134425   0.422566   0.203965
      0.59     0.1257   0.414458   0.192897
       0.6   0.111913    0.38961    0.17388
      0.61   0.101573    0.37931   0.160237
      0.62  0.0834769   0.368078    0.13609
      0.63  0.0765834   0.349823   0.125658
      0.64   0.051271   0.329365  0.0887298
      0.65  0.0454545   0.315126  0.0794492
      0.66  0.0421155   0.321782  0.0744825
      0.67  0.0342525   0.308511  0.0616592
      0.68  0.0289746   0.284884  0.0525994
      0.69  0.0245584      0.275  0.0450901
       0.7  0.0117406    0.23741  0.0223748
      0.71  0.0112021   0.234848  0.0213841
      0.72  0.0112021       0.24   0.021405
      0.73  0.0107712   0.245614  0.0206374
      0.74 0.00937096       0.25  0.0180648
      0.75 0.00915554   0.260417  0.0176892
      0.76 0.00840155   0.255556  0.0162683
      0.77 0.00829384   0.271605  0.0160962
      0.78 0.00829384   0.282051  0.0161138
      0.79 0.00624731   0.260274  0.0122017
       0.8 0.00603188   0.246377  0.0117755
      0.81 0.00570875   0.246154  0.0111587
      0.82  0.0052779       0.25  0.0103376
      0.83  0.0052779   0.254237  0.0103411
      0.84 0.00420078   0.212766 0.00823889
      0.85 0.00420078   0.222222 0.00824568
      0.86 0.00420078   0.238095 0.00825589
      0.87 0.00420078   0.243902  0.0082593
      0.88 0.00420078    0.27027 0.00827297
      0.89 0.00420078    0.27027 0.00827297
       0.9 0.00387764   0.257143 0.00764007
      0.91 0.00387764    0.28125 0.00764981
      0.92 0.00387764        0.3 0.00765632
      0.93 0.00387764       0.36 0.00767263
      0.94 0.00366221   0.347826 0.00724811
      0.95 0.00366221   0.363636  0.0072514
      0.96 0.00366221   0.363636  0.0072514
      0.97 0.00366221   0.380952 0.00725469
      0.98 0.00366221   0.380952 0.00725469
      0.99 0.00366221   0.421053 0.00726127
