         0          1   0.235879   0.381719
      0.01   0.997244   0.201555   0.335335
      0.02   0.996679   0.210617   0.347748
      0.03   0.995902   0.234393   0.379474
      0.04   0.994065   0.294911   0.454873
      0.05   0.992086   0.309187   0.471447
      0.06   0.987282   0.319947   0.483279
      0.07   0.982548   0.330637   0.494777
      0.08   0.971808   0.347043   0.511444
      0.09   0.964177   0.358387   0.522543
       0.1   0.949551   0.374665   0.537319
      0.11   0.931887   0.393228   0.553075
      0.12    0.91387   0.407918   0.564061
      0.13   0.886173   0.427267   0.576551
      0.14   0.856709   0.447318   0.587751
      0.15   0.806684   0.481397   0.602967
      0.16   0.772698    0.49865   0.606138
      0.17   0.731435   0.523849   0.610478
      0.18   0.710521   0.539527   0.613329
      0.19    0.67272   0.566737   0.615197
       0.2   0.656186   0.585506   0.618834
      0.21   0.631386    0.61693   0.624074
      0.22   0.610754   0.646794   0.628258
      0.23   0.588992      0.658   0.621586
      0.24   0.568007   0.671001   0.615223
      0.25    0.55762   0.679652   0.612618
      0.26   0.542782   0.697243   0.610393
      0.27   0.524129   0.701587   0.600012
      0.28    0.48873   0.709038   0.578623
      0.29   0.466686   0.705846   0.561875
       0.3   0.431145    0.70494   0.535051
      0.31   0.391083   0.693372   0.500097
      0.32   0.354836   0.684003    0.46727
      0.33   0.323536    0.67704   0.437841
      0.34   0.299371   0.666372   0.413138
      0.35    0.27019   0.653663   0.382341
      0.36   0.259662   0.639758   0.369396
      0.37   0.238395   0.622951   0.344828
      0.38   0.215573   0.615023   0.319246
      0.39      0.183   0.601793   0.280655
       0.4   0.177277   0.599469   0.273634
      0.41    0.16788   0.576705   0.260056
      0.42   0.158765   0.562315   0.247617
      0.43   0.152618   0.545879   0.238543
      0.44   0.141383   0.506826   0.221092
      0.45   0.124285   0.481949    0.19761
      0.46   0.104642   0.445525   0.169478
      0.47  0.0982124   0.433134   0.160118
      0.48  0.0895217   0.422917   0.147765
      0.49   0.084717    0.39738    0.13966
       0.5  0.0752491   0.393182   0.126322
      0.51  0.0727054   0.384259   0.122275
      0.52  0.0716456   0.382212   0.120671
      0.53  0.0681128   0.377171   0.115388
      0.54   0.066629    0.37018   0.112931
      0.55   0.064368   0.358491    0.10914
      0.56  0.0626016   0.348066   0.106117
      0.57  0.0564545   0.331429  0.0964756
      0.58     0.0549   0.322674  0.0938349
      0.59   0.045856   0.289231  0.0791614
       0.6  0.0424645   0.271565  0.0734445
      0.61  0.0315834   0.246667  0.0559969
      0.62  0.0281212   0.229452  0.0501021
      0.63  0.0223981   0.222997  0.0407074
      0.64  0.0217622      0.225  0.0396859
      0.65  0.0206317   0.210909  0.0375865
      0.66  0.0193599   0.206226  0.0353968
      0.67  0.0175228   0.214286  0.0323964
      0.68  0.0167456   0.219895  0.0311212
      0.69  0.0159683   0.378641  0.0306443
       0.7  0.0108811   0.465753  0.0212654
      0.71 0.00869074   0.432836  0.0170393
      0.72 0.00607645     0.4375  0.0119864
      0.73 0.00536989        0.4  0.0105975
      0.74  0.0050166     0.4375 0.00991947
      0.75 0.00374479   0.425532 0.00742424
      0.76 0.00374479   0.425532 0.00742424
      0.77 0.00374479   0.444444   0.007427
      0.78 0.00374479   0.358974 0.00741225
      0.79  0.0027556    0.28125 0.00545773
       0.8 0.00211969   0.230769  0.0042008
      0.81 0.00211969   0.315789 0.00421112
      0.82 0.00211969   0.545455 0.00422297
      0.83 0.00211969   0.545455 0.00422297
      0.84 0.00211969   0.545455 0.00422297
      0.85 0.00211969   0.545455 0.00422297
      0.86 0.00211969   0.545455 0.00422297
      0.87 0.00211969   0.545455 0.00422297
      0.88 0.00211969   0.545455 0.00422297
      0.89 0.00211969   0.545455 0.00422297
       0.9 0.00211969   0.545455 0.00422297
      0.91 0.00211969   0.545455 0.00422297
      0.92 0.00211969   0.545455 0.00422297
      0.93 0.00211969   0.545455 0.00422297
      0.94 0.00211969   0.545455 0.00422297
      0.95 0.00211969        0.5 0.00422149
      0.96 0.00211969   0.555556 0.00422327
      0.97 0.00190772   0.666667 0.00380456
      0.98 0.00148378        0.6 0.00296025
      0.99 0.00148378       0.75 0.00296171
