         0          1   0.265439    0.41952
      0.01   0.998722   0.244093   0.392305
      0.02   0.998722   0.244186   0.392425
      0.03   0.998722   0.245266   0.393818
      0.04   0.998722   0.249853   0.399709
      0.05   0.998243   0.254098   0.405084
      0.06   0.995926   0.261209   0.413869
      0.07   0.991054   0.267236    0.42096
      0.08   0.985143   0.278408   0.434128
      0.09   0.978314   0.285267    0.44173
       0.1   0.972323   0.297383   0.455463
      0.11    0.96793   0.310115   0.469732
      0.12   0.962099   0.317515   0.477458
      0.13   0.948201   0.328815   0.488299
      0.14   0.942809   0.336098   0.495543
      0.15   0.920444   0.345557   0.502473
      0.16   0.913415   0.353649   0.509885
      0.17   0.901514   0.364792   0.519408
      0.18   0.892647   0.373426   0.526569
      0.19    0.87827   0.383452   0.533832
       0.2   0.863173   0.390995     0.5382
      0.21   0.844962   0.406602   0.549015
      0.22   0.829226   0.420708   0.558209
      0.23   0.815648    0.43035   0.563426
      0.24   0.794361   0.443558   0.569254
      0.25   0.774192   0.454165   0.572489
      0.26   0.752346   0.470293   0.578786
      0.27   0.734654   0.479095    0.57997
      0.28   0.712568    0.49188   0.582006
      0.29   0.695235   0.500946   0.582312
       0.3   0.661368   0.506873   0.573905
      0.31   0.638963   0.514619   0.570089
      0.32   0.618275   0.515486   0.562221
      0.33   0.580135    0.51961   0.548207
      0.34   0.563161   0.520828   0.541168
      0.35   0.522106   0.518973   0.520535
      0.36   0.489037   0.514662   0.501522
      0.37   0.450857   0.508391   0.477898
      0.38   0.420624   0.501061   0.457332
      0.39   0.379488   0.486573    0.42641
       0.4   0.343824   0.469227   0.396854
      0.41   0.303087   0.458212   0.364845
      0.42   0.272814   0.440173   0.336852
      0.43   0.244778   0.424561   0.310525
      0.44   0.206957   0.404858   0.273901
      0.45   0.176565   0.384389   0.241979
      0.46    0.15364   0.372036   0.217471
      0.47   0.143576   0.368924   0.206707
      0.48   0.118895    0.35081   0.177598
      0.49   0.109549   0.347305   0.166561
       0.5   0.096809   0.340217   0.150728
      0.51  0.0904189    0.34629   0.143396
      0.52  0.0829506   0.342398   0.133547
      0.53  0.0783977   0.332429   0.126874
      0.54  0.0746436   0.326648   0.121518
      0.55  0.0706897   0.318038    0.11567
      0.56  0.0675346   0.302405   0.110412
      0.57  0.0574304   0.286561  0.0956845
      0.58   0.053876   0.276956  0.0902045
      0.59  0.0462479   0.260181  0.0785358
       0.6  0.0426535   0.241706   0.072511
      0.61  0.0306322   0.211443   0.053512
      0.62  0.0206478    0.18254  0.0370991
      0.63   0.016654   0.180328   0.030492
      0.64  0.0155358   0.174648  0.0285334
      0.65   0.014737   0.174927  0.0271839
      0.66  0.0144974    0.17737  0.0268039
      0.67  0.0131794   0.173502   0.024498
      0.68  0.0128999   0.173469   0.024014
      0.69  0.0128999    0.17301  0.0240096
       0.7  0.0128599   0.176259  0.0239709
      0.71  0.0127002      0.188  0.0237931
      0.72  0.0125404   0.185185  0.0234902
      0.73  0.0121411   0.178723  0.0227375
      0.74  0.0111826   0.178571  0.0210471
      0.75  0.0111826   0.184332  0.0210859
      0.76  0.0111826   0.186916  0.0211026
      0.77  0.0111826   0.193237  0.0211416
      0.78  0.0105036   0.192118  0.0199182
      0.79  0.0105036   0.193878  0.0199276
       0.8  0.0104237   0.186528  0.0197441
      0.81 0.00998442   0.179348  0.0189158
      0.82 0.00746835    0.16568  0.0142924
      0.83 0.00587084   0.171975  0.0113541
      0.84 0.00543153   0.175182  0.0105364
      0.85 0.00543153   0.179104  0.0105433
      0.86 0.00543153    0.18254  0.0105492
      0.87 0.00491234    0.19469 0.00958288
      0.88 0.00451296   0.191919 0.00881855
      0.89 0.00447302   0.202247 0.00875247
       0.9  0.0042334        0.2 0.00829129
      0.91 0.00391389   0.188406 0.00766849
      0.92 0.00295539   0.169231 0.00580933
      0.93 0.00295539   0.177419 0.00581393
      0.94 0.00247614       0.15 0.00487185
      0.95 0.00247614   0.160714 0.00487713
      0.96 0.00247614   0.166667 0.00487978
      0.97 0.00247614   0.173077 0.00488242
      0.98 0.00191701   0.145833 0.00378427
      0.99 0.00191701   0.145833 0.00378427
