         0          1    0.32957   0.495755
      0.01    0.99983   0.305703    0.46824
      0.02    0.99983   0.308626    0.47166
      0.03    0.99983   0.319271   0.483992
      0.04   0.999745   0.344845   0.512807
      0.05   0.999575   0.356682   0.525757
      0.06   0.999064    0.36371   0.533279
      0.07   0.998851   0.367961   0.537804
      0.08   0.996894   0.375391   0.545404
      0.09   0.995532   0.380633   0.550708
       0.1   0.992767   0.392406   0.562482
      0.11   0.990469   0.408412   0.578347
      0.12   0.988809    0.42079   0.590354
      0.13   0.982682   0.442045   0.609786
      0.14   0.975236   0.458241    0.62351
      0.15   0.963578   0.481171   0.641836
      0.16   0.956685   0.498383   0.655359
      0.17   0.949494   0.522651   0.674192
      0.18   0.935793   0.539044   0.684054
      0.19   0.915454   0.565641   0.699237
       0.2   0.903498   0.582315   0.708192
      0.21   0.884606   0.604956    0.71853
      0.22    0.85014   0.623723    0.71954
      0.23   0.835376   0.635935   0.722138
      0.24   0.804995   0.650924   0.719808
      0.25    0.78789   0.661841   0.719386
      0.26   0.752234   0.678542    0.71349
      0.27   0.731725   0.687491   0.708919
      0.28    0.69726      0.696   0.696629
      0.29   0.673985    0.70428     0.6888
       0.3   0.648073    0.71746   0.681003
      0.31   0.625649   0.724693   0.671538
      0.32   0.603906   0.726136   0.659405
      0.33   0.574845   0.725713   0.641528
      0.34   0.538124   0.725606   0.617958
      0.35   0.505191   0.727273   0.596223
      0.36   0.485959   0.726852   0.582482
      0.37   0.460089   0.728102   0.563868
      0.38    0.44426   0.727089   0.551529
      0.39   0.419624   0.728699   0.532567
       0.4   0.410603   0.730286   0.525656
      0.41   0.392647   0.727809     0.5101
      0.42   0.371628   0.726182   0.491651
      0.43   0.357544   0.724138    0.47872
      0.44   0.340397   0.723064   0.462882
      0.45   0.330993   0.722222   0.453944
      0.46   0.316314   0.716691   0.438912
      0.47   0.308016   0.708268   0.429325
      0.48   0.281933   0.695855   0.401283
      0.49   0.264914   0.689122   0.382707
       0.5   0.241341   0.681568   0.356461
      0.51   0.224832   0.670023   0.336686
      0.52   0.213173   0.668891   0.323309
      0.53   0.183899   0.653233   0.287001
      0.54   0.175049   0.647887   0.275628
      0.55   0.162454   0.631699   0.258444
      0.56   0.154327   0.624544   0.247497
      0.57   0.139477   0.610656   0.227087
      0.58   0.130797   0.595588    0.21449
      0.59    0.11548   0.582382   0.192741
       0.6   0.105736   0.571924   0.178475
      0.61  0.0975662   0.580078   0.167037
      0.62  0.0847587   0.572985   0.147673
      0.63   0.078504   0.564103   0.137827
      0.64  0.0715684   0.547315   0.126584
      0.65  0.0669305   0.553371   0.119417
      0.66  0.0601225   0.539216   0.108183
      0.67  0.0563356   0.536232    0.10196
      0.68  0.0426772   0.552764  0.0792368
      0.69  0.0333589   0.526946  0.0627456
       0.7   0.027019   0.518519  0.0513616
      0.71  0.0162539   0.484536  0.0314528
      0.72  0.0144243   0.493671  0.0280296
      0.73  0.0100417    0.37931  0.0195654
      0.74 0.00876521   0.372549  0.0171275
      0.75 0.00723343   0.378378  0.0141955
      0.76 0.00587184   0.409091  0.0115775
      0.77 0.00165943      0.375 0.00330424
      0.78 0.00165943      0.375 0.00330424
      0.79 0.00127649   0.181818 0.00253518
       0.8 0.00110629      0.125 0.00219317
      0.81          0          0          0
      0.82          0          0          0
      0.83          0          0          0
      0.84          0          0          0
      0.85          0          0          0
      0.86          0          0          0
      0.87          0          0          0
      0.88          0          0          0
      0.89          0          0          0
       0.9          0          0          0
      0.91          0          0          0
      0.92          0          0          0
      0.93          0          0          0
      0.94          0          0          0
      0.95          0          0          0
      0.96          0          0          0
      0.97          0          0          0
      0.98          0          0          0
      0.99          0          0          0
