         0          1   0.256164   0.407851
      0.01   0.999187   0.223415   0.365177
      0.02   0.999187   0.226749   0.369619
      0.03   0.999187   0.230767    0.37494
      0.04   0.999187   0.237713   0.384057
      0.05   0.999129   0.245798   0.394535
      0.06   0.999129   0.266294   0.420511
      0.07   0.998897   0.285277   0.443806
      0.08   0.998723   0.320806   0.485622
      0.09   0.995879   0.345677   0.513213
       0.1   0.988334   0.381437   0.550438
      0.11   0.987406   0.414122   0.583515
      0.12   0.987115   0.435801   0.604654
      0.13   0.984388   0.464735   0.631388
      0.14   0.983691   0.480425   0.645563
      0.15   0.977423   0.501521   0.662903
      0.16   0.976959   0.512653   0.672445
      0.17     0.9722   0.527736   0.684115
      0.18   0.969356   0.537694   0.691704
      0.19   0.958503   0.548934   0.698079
       0.2   0.949623     0.5529   0.698886
      0.21    0.93076   0.560715   0.699832
      0.22   0.910795   0.565541   0.697798
      0.23   0.900058   0.568104   0.696553
      0.24   0.888683   0.572561   0.696427
      0.25   0.874173   0.574779   0.693544
      0.26   0.860882   0.577322   0.691149
      0.27    0.85206   0.579797   0.690044
      0.28   0.835519   0.585341   0.688405
      0.29   0.829425    0.58795   0.688118
       0.3   0.820139   0.589637   0.686044
      0.31   0.794254   0.592485   0.678691
      0.32   0.772026   0.594267   0.671583
      0.33    0.74556   0.595975   0.662428
      0.34   0.733546   0.598214   0.659004
      0.35   0.699362   0.603437   0.647868
      0.36   0.664887   0.602621   0.632225
      0.37   0.613813   0.599953   0.606804
      0.38   0.588334   0.601485   0.594837
      0.39   0.554962   0.602914   0.577945
       0.4   0.536564   0.600332    0.56666
      0.41   0.504005   0.593105   0.544937
      0.42   0.465641   0.586261   0.519036
      0.43   0.450842   0.582518    0.50829
      0.44   0.433372   0.582444    0.49697
      0.45   0.409054   0.578928   0.479387
      0.46   0.391991   0.575211   0.466247
      0.47   0.385723   0.568855   0.459722
      0.48   0.374347    0.56234   0.449478
      0.49   0.370575    0.55426   0.444176
       0.5   0.349681   0.544791   0.425956
      0.51   0.339524   0.531217    0.41427
      0.52   0.321648   0.519177   0.397211
      0.53   0.288276   0.494572   0.364243
      0.54   0.272664   0.477099    0.34701
      0.55   0.242078    0.46662   0.318777
      0.56   0.234707   0.457101   0.310158
      0.57   0.210389   0.432089   0.282988
      0.58   0.197504   0.417152   0.268083
      0.59   0.174869   0.394454   0.242316
       0.6   0.165641   0.381316   0.230956
      0.61   0.152351   0.355208   0.213241
      0.62   0.138712   0.333333   0.195902
      0.63   0.124144   0.315036   0.178104
      0.64   0.104585   0.301862   0.155347
      0.65  0.0933256   0.296137   0.141925
      0.66  0.0792223     0.2928   0.124704
      0.67  0.0737667   0.290323   0.117642
      0.68  0.0695879   0.277264   0.111253
      0.69  0.0582124   0.256972   0.094922
       0.7  0.0464306   0.229075  0.0772115
      0.71  0.0365061    0.20438  0.0619472
      0.72   0.027336   0.188679  0.0477535
      0.73  0.0267557   0.187861  0.0468402
      0.74  0.0240279   0.185629  0.0425483
      0.75  0.0237957   0.180428  0.0420462
      0.76  0.0236216   0.177914  0.0417059
      0.77  0.0229832   0.173913  0.0406008
      0.78  0.0224608   0.170886  0.0397032
      0.79  0.0217063   0.163399  0.0383219
       0.8  0.0211259       0.16  0.0373238
      0.81  0.0193268   0.157534  0.0344296
      0.82  0.0193268   0.159722  0.0344812
      0.83  0.0193268   0.162544  0.0345459
      0.84  0.0183401   0.155797  0.0328171
      0.85  0.0183401   0.157509  0.0328547
      0.86   0.018108   0.156716  0.0324647
      0.87   0.018108   0.152091  0.0323628
      0.88   0.018108   0.152672  0.0323759
      0.89   0.018108   0.153257   0.032389
       0.9   0.018108   0.155642  0.0324415
      0.91   0.018108   0.156863  0.0324679
      0.92   0.018108    0.15873  0.0325074
      0.93   0.018108   0.162602  0.0325869
      0.94   0.018108   0.163265  0.0326002
      0.95   0.018108   0.163265  0.0326002
      0.96   0.018108   0.159836  0.0325305
      0.97  0.0180499   0.156379  0.0323642
      0.98  0.0180499   0.156379  0.0323642
      0.99  0.0180499   0.156379  0.0323642
