         0          1   0.382258   0.553092
      0.01   0.997674   0.389878   0.560658
      0.02   0.997674   0.396305   0.567272
      0.03   0.997495   0.412084   0.583226
      0.04   0.996564    0.44541   0.615655
      0.05   0.995741   0.465476   0.634394
      0.06   0.994381   0.480249   0.647688
      0.07   0.994058   0.487443   0.654129
      0.08   0.992448   0.494523   0.660118
      0.09   0.991947   0.499486   0.664413
       0.1   0.990766    0.50437   0.668451
      0.11   0.988511   0.507376   0.670568
      0.12   0.982426   0.508099    0.66979
      0.13   0.971366   0.509941   0.668787
      0.14   0.963814   0.510391   0.667372
      0.15   0.943663   0.511229    0.66318
      0.16   0.935395   0.512165   0.661909
      0.17   0.919253   0.514286   0.659569
      0.18   0.911844   0.517994   0.660676
      0.19   0.901357   0.525069   0.663581
       0.2   0.892802   0.527894   0.663485
      0.21     0.8753   0.531755   0.661588
      0.22   0.858621   0.533631   0.658195
      0.23   0.847382   0.533895   0.655065
      0.24   0.825226   0.536311   0.650115
      0.25   0.809943   0.539221    0.64742
      0.26   0.791188   0.544175   0.644836
      0.27   0.776943      0.549   0.643379
      0.28   0.760765   0.555776   0.642312
      0.29   0.748488   0.559969   0.640648
       0.3   0.720212   0.565818   0.633747
      0.31   0.695873   0.572636   0.628268
      0.32   0.685708    0.57664   0.626462
      0.33   0.660546   0.583667   0.619732
      0.34   0.649737   0.591844   0.619441
      0.35   0.631268   0.597749   0.614051
      0.36   0.617273   0.604564   0.610852
      0.37   0.602169   0.619397   0.610661
      0.38   0.590572   0.630435   0.609853
      0.39   0.575396   0.645172    0.60829
       0.4   0.568596   0.655792   0.609089
      0.41   0.561831   0.668401     0.6105
      0.42    0.55138   0.683003   0.610174
      0.43   0.547514   0.688982   0.610155
      0.44   0.532983   0.702594   0.606147
      0.45   0.521529   0.710278   0.601443
      0.46   0.502523   0.727821   0.594544
      0.47   0.490998   0.739343   0.590106
      0.48   0.480225   0.757033   0.587664
      0.49   0.470453   0.767824   0.583432
       0.5   0.445041   0.782854   0.567479
      0.51   0.429185   0.799402   0.558514
      0.52   0.417481   0.810404   0.551075
      0.53   0.397759   0.822537   0.536217
      0.54   0.386306   0.835983   0.528427
      0.55   0.356491   0.852013   0.502663
      0.56   0.343105    0.85631   0.489912
      0.57   0.325208   0.862243   0.472287
      0.58   0.304521   0.862667   0.450142
      0.59   0.281828   0.858025   0.424293
       0.6   0.269015   0.857489   0.409545
      0.61   0.243387   0.854152   0.378829
      0.62   0.221483   0.847619   0.351197
      0.63   0.200043   0.840592   0.323177
      0.64   0.169798   0.830208   0.281934
      0.65    0.14299   0.815205   0.243304
      0.66   0.112066   0.778748   0.195935
      0.67   0.098214   0.752459   0.173749
      0.68  0.0760228   0.712329   0.137383
      0.69   0.065464   0.672646   0.119316
       0.7  0.0545474     0.6375   0.100496
      0.71  0.0402663   0.587393  0.0753662
      0.72  0.0358996   0.574405  0.0675759
      0.73  0.0283475   0.549521  0.0539138
      0.74  0.0262357   0.538206  0.0500325
      0.75  0.0214038    0.52921  0.0411435
      0.76  0.0210101   0.527972   0.040412
      0.77  0.0208311    0.52669  0.0400771
      0.78   0.018612   0.518116  0.0359331
      0.79  0.0183614   0.516484  0.0354622
       0.8  0.0182183   0.514815  0.0351912
      0.81  0.0180751   0.513109  0.0349201
      0.82  0.0180393   0.511364  0.0348492
      0.83   0.017574   0.503906  0.0339635
      0.84  0.0168939   0.494024  0.0326707
      0.85  0.0167508   0.489796  0.0323937
      0.86  0.0156412   0.483193  0.0303016
      0.87   0.015498   0.487069  0.0300402
      0.88  0.0149612   0.480176  0.0290182
      0.89  0.0144959   0.477679  0.0281378
       0.9  0.0144601   0.477477  0.0280701
      0.91  0.0143885   0.475113  0.0279311
      0.92  0.0142453   0.472477  0.0276568
      0.93  0.0142095   0.474419  0.0275926
      0.94  0.0138874   0.469484  0.0269768
      0.95  0.0138158   0.466667  0.0268371
      0.96  0.0136726   0.461538  0.0265585
      0.97  0.0136369   0.463415  0.0264941
      0.98  0.0136011   0.463054  0.0264259
      0.99  0.0134579   0.452261   0.026138
