         0          1   0.173626   0.295879
      0.01    0.99806   0.139338   0.244537
      0.02    0.99806   0.150322   0.261289
      0.03   0.996896   0.190287   0.319574
      0.04   0.983023   0.289012   0.446694
      0.05   0.964785   0.369625   0.534481
      0.06   0.925689    0.50157   0.650615
      0.07   0.887951   0.563172   0.689217
      0.08   0.846236   0.597546   0.700473
      0.09   0.815871   0.603483   0.693786
       0.1   0.778522   0.603056   0.679647
      0.11   0.759701   0.604175   0.673071
      0.12   0.749903   0.603091   0.668532
      0.13   0.736321   0.602273   0.662585
      0.14   0.735545   0.604938   0.663879
      0.15   0.732732   0.605616   0.663137
      0.16    0.73118   0.607158   0.663423
      0.17   0.729239   0.608192   0.663238
      0.18   0.725844    0.60703   0.661142
      0.19   0.725262    0.60828    0.66164
       0.2   0.724195   0.608977   0.661607
      0.21    0.71265   0.607024    0.65561
      0.22   0.706733   0.608717   0.654073
      0.23    0.70586   0.612205   0.655705
      0.24   0.702658   0.616279    0.65664
      0.25   0.698487   0.615463   0.654352
      0.26   0.692763   0.617478   0.652957
      0.27   0.689076   0.618743   0.652019
      0.28   0.679569   0.613487   0.644839
      0.29   0.667928   0.610491   0.637919
       0.3   0.662592   0.605505   0.632763
      0.31   0.656577   0.599648   0.626823
      0.32   0.648137   0.592836   0.619254
      0.33   0.630966   0.581639   0.605299
      0.34   0.621556   0.574214   0.596948
      0.35   0.604967   0.566731   0.585225
      0.36    0.58343   0.562212   0.572625
      0.37   0.565774   0.557588   0.561651
      0.38   0.551028   0.556319   0.553661
      0.39   0.543946   0.552061   0.547974
       0.4   0.533178   0.548547   0.540753
      0.41   0.511253   0.541456   0.525922
      0.42   0.501358   0.537956   0.519013
      0.43   0.498448   0.534267   0.515736
      0.44   0.486418   0.528926   0.506782
      0.45   0.481956   0.522536   0.501426
      0.46   0.447614   0.500803   0.472717
      0.47   0.421905   0.487158    0.45219
      0.48    0.39804   0.466841   0.429704
      0.49   0.380093   0.430841   0.403879
       0.5    0.29317   0.386802    0.33354
      0.51   0.226329   0.314645   0.263278
      0.52   0.182286   0.278313   0.220289
      0.53   0.151048   0.215789   0.177706
      0.54   0.101572   0.166667   0.126221
      0.55  0.0752813   0.139053  0.0976801
      0.56  0.0636399   0.118902  0.0829061
      0.57  0.0451106  0.0803859  0.0577905
      0.58  0.0282305  0.0499168  0.0360646
      0.59  0.0097012  0.0273504  0.0143223
       0.6 0.00184323  0.0223368 0.00340544
      0.61 0.00184323  0.0223368 0.00340544
      0.62 0.00184323  0.0224525 0.00340678
      0.63 0.00184323  0.0226087 0.00340857
      0.64 0.00184323  0.0229277 0.00341214
      0.65 0.00184323  0.0229682 0.00341259
      0.66 0.00106713  0.0126354 0.00196805
      0.67 0.00106713  0.0126812  0.0019686
      0.68 0.00048506 0.00922509 0.000921659
      0.69 0.00048506 0.00925926 0.000921829
       0.7 0.00048506 0.00934579 0.000922254
      0.71          0          0          0
      0.72          0          0          0
      0.73          0          0          0
      0.74          0          0          0
      0.75          0          0          0
      0.76          0          0          0
      0.77          0          0          0
      0.78          0          0          0
      0.79          0          0          0
       0.8          0          0          0
      0.81          0          0          0
      0.82          0          0          0
      0.83          0          0          0
      0.84          0          0          0
      0.85          0          0          0
      0.86          0          0          0
      0.87          0          0          0
      0.88          0          0          0
      0.89          0          0          0
       0.9          0          0          0
      0.91          0          0          0
      0.92          0          0          0
      0.93          0          0          0
      0.94          0          0          0
      0.95          0          0          0
      0.96          0          0          0
      0.97          0          0          0
      0.98          0          0          0
      0.99          0          0          0
