         0          1   0.331079    0.49746
      0.01          1   0.306546   0.469247
      0.02          1   0.306546   0.469247
      0.03          1   0.306546   0.469247
      0.04          1   0.306657   0.469376
      0.05          1    0.30673   0.469462
      0.06          1    0.30687   0.469626
      0.07          1   0.306734   0.469467
      0.08   0.999917   0.306333   0.468988
      0.09   0.999917   0.305991   0.468587
       0.1   0.999751    0.30549   0.467981
      0.11   0.999212   0.304676   0.466967
      0.12   0.998424   0.304087   0.466188
      0.13   0.997221   0.302829   0.464579
      0.14    0.99465   0.302296   0.463671
      0.15   0.990461   0.301471   0.462246
      0.16   0.986355   0.301178   0.461454
      0.17   0.982415   0.300693   0.460453
      0.18   0.979305   0.301216   0.460722
      0.19   0.975199   0.301542   0.460647
       0.2    0.97184   0.302301   0.461155
      0.21   0.965204   0.302093   0.460163
      0.22   0.959522   0.302109   0.459532
      0.23   0.955665   0.301649   0.458557
      0.24   0.938993   0.301804    0.45679
      0.25   0.933021   0.303096   0.457553
      0.26   0.921533   0.303573     0.4567
      0.27   0.913653   0.305567   0.457969
      0.28   0.894119   0.307675   0.457813
      0.29   0.882797   0.309077   0.457855
       0.3   0.859406   0.312301   0.458124
      0.31   0.841821   0.314774   0.458213
      0.32    0.83137   0.316407   0.458367
      0.33   0.810012    0.32003   0.458793
      0.34   0.789939   0.321961   0.457469
      0.35   0.758834   0.327142   0.457186
      0.36   0.748383   0.330364   0.458382
      0.37   0.722006   0.336853   0.459381
      0.38   0.708237   0.340292   0.459706
      0.39   0.680823   0.346606   0.459355
       0.4   0.663072   0.351316   0.459288
      0.41   0.638106   0.358386   0.458986
      0.42   0.608908   0.365809   0.457043
      0.43   0.596674   0.369653   0.456496
      0.44   0.574361   0.376879   0.455121
      0.45   0.561505    0.38212   0.454761
      0.46   0.536413   0.393025   0.453659
      0.47   0.517045   0.394176   0.447327
      0.48   0.483037   0.395108   0.434671
      0.49   0.458734   0.399084   0.426835
       0.5   0.423109   0.405918   0.414335
      0.51    0.38006   0.405792   0.392505
      0.52   0.358411   0.405833    0.38065
      0.53   0.327347     0.4032   0.361336
      0.54   0.306528   0.401495   0.347643
      0.55   0.272022   0.398406   0.323302
      0.56   0.254521   0.395274   0.309653
      0.57    0.22918   0.386601   0.287769
      0.58     0.2072   0.384048   0.269175
      0.59   0.177878   0.375776   0.241459
       0.6    0.15992   0.365482   0.222489
      0.61    0.13823   0.349617   0.198126
      0.62   0.126742   0.333333   0.183654
      0.63   0.110858    0.31725   0.164303
      0.64  0.0884622   0.300958   0.136733
      0.65  0.0761861   0.289355   0.120615
      0.66  0.0605922   0.277108  0.0994408
      0.67  0.0544542   0.272901  0.0907919
      0.68  0.0435053   0.261438  0.0745971
      0.69  0.0335103   0.246445  0.0589983
       0.7  0.0245106    0.22905  0.0442826
      0.71  0.0179164   0.231511  0.0332589
      0.72  0.0162575   0.235915  0.0304187
      0.73  0.0121516   0.233463  0.0231009
      0.74  0.0121516   0.246862  0.0231631
      0.75  0.0116539   0.257143  0.0222974
      0.76  0.0116539   0.269036  0.0223402
      0.77  0.0102853   0.255556  0.0197748
      0.78  0.0102853   0.258824  0.0197845
      0.79  0.0101194   0.269737  0.0195071
       0.8 0.00962177   0.265734  0.0185711
      0.81 0.00883378   0.257353  0.0170812
      0.82 0.00825315   0.258333  0.0159953
      0.83 0.00825315   0.264957  0.0160077
      0.84 0.00717485   0.254545  0.0139563
      0.85 0.00452057   0.240385 0.00887426
      0.86 0.00443762   0.242424 0.00871571
      0.87 0.00443762   0.244898 0.00871729
      0.88 0.00443762       0.25 0.00872046
      0.89 0.00439615   0.244681 0.00863712
       0.9 0.00435468   0.241379 0.00855502
      0.91 0.00402289   0.227848 0.00790619
      0.92 0.00402289   0.233766 0.00790967
      0.93 0.00402289   0.239437 0.00791284
      0.94 0.00402289   0.231884 0.00790858
      0.95 0.00402289   0.223881 0.00790376
      0.96 0.00402289    0.21875 0.00790049
      0.97   0.003857   0.216667 0.00757908
      0.98   0.003857   0.206897 0.00757283
      0.99  0.0021566   0.142857 0.00424906
