         0          1   0.339259   0.506637
      0.01   0.999188   0.295204   0.455758
      0.02   0.997526   0.295553      0.456
      0.03    0.99683    0.29937   0.460455
      0.04   0.995593   0.331865   0.497797
      0.05    0.99339   0.379896   0.549608
      0.06   0.991882   0.489954   0.655911
      0.07   0.989602   0.570399   0.723677
      0.08   0.986432   0.664149   0.793827
      0.09   0.983378   0.711359   0.825538
       0.1   0.976691   0.748632   0.847589
      0.11   0.967955    0.77006   0.857741
      0.12    0.95748   0.779593   0.859428
      0.13   0.945497   0.789463   0.860463
      0.14   0.936026    0.79276   0.858457
      0.15   0.913413   0.794776   0.849975
      0.16   0.900271   0.798357   0.846257
      0.17   0.870854     0.7965   0.832019
      0.18   0.851913   0.797281   0.823692
      0.19   0.824082   0.795951   0.809772
       0.2   0.795825   0.792687   0.794253
      0.21   0.773135   0.787884    0.78044
      0.22   0.748048    0.78707   0.767063
      0.23   0.733282   0.786502    0.75896
      0.24   0.708349   0.786927   0.745574
      0.25   0.691148   0.784552   0.734894
      0.26   0.667491   0.778515   0.718741
      0.27   0.648821   0.773782   0.705813
      0.28   0.618206   0.768381   0.685162
      0.29   0.590452   0.760171   0.664648
       0.3   0.539698   0.739952   0.624156
      0.31   0.471279   0.712624   0.567352
      0.32   0.424739   0.694516   0.527115
      0.33   0.383224   0.665982   0.486502
      0.34   0.346772   0.644876   0.451017
      0.35   0.306687   0.615766   0.409446
      0.36   0.280634   0.592217   0.380812
      0.37   0.235678   0.556299   0.331089
      0.38   0.207344   0.530962   0.298228
      0.39   0.165636   0.496698   0.248428
       0.4   0.142907     0.4756   0.219776
      0.41   0.118477   0.452224   0.187763
      0.42   0.102629   0.431338   0.165807
      0.43  0.0944724   0.421676   0.154362
      0.44  0.0792037   0.402844    0.13238
      0.45  0.0773483   0.387476   0.128955
      0.46  0.0744105   0.361768   0.123433
      0.47  0.0645535   0.335477   0.108273
      0.48  0.0578663   0.316777  0.0978568
      0.49  0.0535369   0.306742  0.0911628
       0.5  0.0492076   0.297018  0.0844278
      0.51  0.0473135   0.289535  0.0813357
      0.52  0.0465017   0.279811  0.0797499
      0.53  0.0453034   0.274038  0.0777529
      0.54  0.0449942   0.269512  0.0771144
      0.55  0.0427522   0.259166  0.0733968
      0.56  0.0406649   0.248383  0.0698878
      0.57  0.0369927   0.237637  0.0640195
      0.58  0.0345574   0.222384  0.0598192
      0.59  0.0306533        0.2   0.053159
       0.6  0.0274063   0.176265  0.0474369
      0.61    0.02184   0.146535  0.0380142
      0.62  0.0139157   0.117783  0.0248907
      0.63  0.0117124   0.108527   0.021143
      0.64 0.00827213  0.0957096  0.0152281
      0.65 0.00695787  0.0984252   0.012997
      0.66 0.00645535   0.145985   0.012364
      0.67 0.00603015   0.202532  0.0117116
      0.68 0.00502513   0.363636 0.00991326
      0.69 0.00351759   0.428571  0.0069779
       0.7 0.00293777   0.666667 0.00584975
      0.71 0.00139157        0.6 0.00277671
      0.72 0.000695787          1 0.00139061
      0.73          0          0          0
      0.74          0          0          0
      0.75          0          0          0
      0.76          0          0          0
      0.77          0          0          0
      0.78          0          0          0
      0.79          0          0          0
       0.8          0          0          0
      0.81          0          0          0
      0.82          0          0          0
      0.83          0          0          0
      0.84          0          0          0
      0.85          0          0          0
      0.86          0          0          0
      0.87          0          0          0
      0.88          0          0          0
      0.89          0          0          0
       0.9          0          0          0
      0.91          0          0          0
      0.92          0          0          0
      0.93          0          0          0
      0.94          0          0          0
      0.95          0          0          0
      0.96          0          0          0
      0.97          0          0          0
      0.98          0          0          0
      0.99          0          0          0
