         0          1   0.393948   0.565226
      0.01          1   0.393355   0.564615
      0.02          1   0.393376   0.564637
      0.03          1   0.393622    0.56489
      0.04   0.999965   0.393804   0.565072
      0.05   0.999965   0.394092   0.565369
      0.06   0.999965    0.39506   0.566364
      0.07   0.999965   0.396268   0.567605
      0.08   0.999965   0.399776   0.571194
      0.09   0.999965   0.402918   0.574394
       0.1   0.999894   0.408093   0.579621
      0.11   0.998514   0.416858   0.588169
      0.12     0.9971   0.422296    0.59331
      0.13   0.989566   0.431895   0.601337
      0.14   0.982881   0.437685   0.605663
      0.15   0.965018   0.449697   0.613502
      0.16    0.94988   0.457754    0.61779
      0.17   0.921477   0.471658   0.623948
      0.18   0.901988   0.482114   0.628366
      0.19   0.862974   0.497223   0.630924
       0.2   0.837436   0.505796   0.630676
      0.21   0.788766   0.520396   0.627074
      0.22   0.731006   0.537561   0.619534
      0.23   0.695423   0.545778    0.61158
      0.24   0.641447   0.558206   0.596939
      0.25   0.600417   0.561565   0.580342
      0.26   0.544673   0.563623   0.553986
      0.27   0.498727   0.562432   0.528667
      0.28   0.437217   0.570392   0.495004
      0.29   0.403332   0.575566   0.474297
       0.3   0.344652   0.573297   0.430499
      0.31    0.30868   0.573701   0.401391
      0.32    0.28866   0.573954   0.384129
      0.33   0.250389   0.561317   0.346302
      0.34   0.224887   0.545242   0.318434
      0.35   0.190259   0.521229   0.278764
      0.36   0.167374   0.507478   0.251725
      0.37   0.140422    0.47079   0.216321
      0.38   0.125389   0.444867   0.195637
      0.39    0.10162   0.421429   0.163754
       0.4  0.0898415   0.405199   0.147074
      0.41  0.0729697   0.379019   0.122379
      0.42  0.0614389   0.362799   0.105082
      0.43  0.0523132   0.350674  0.0910446
      0.44  0.0398981   0.340381  0.0714242
      0.45  0.0371038   0.327434  0.0666546
      0.46   0.026245   0.293827  0.0481861
      0.47  0.0244765   0.295337  0.0452065
      0.48  0.0187818   0.289017  0.0352715
      0.49  0.0161644   0.285714  0.0305977
       0.5  0.0131579   0.266212  0.0250764
      0.51  0.0106819   0.276119  0.0205682
      0.52  0.0100453    0.28629  0.0194095
      0.53 0.00958546   0.288288   0.018554
      0.54 0.00926712   0.277512  0.0179353
      0.55  0.0076047   0.272251  0.0147961
      0.56 0.00739247   0.271186  0.0143926
      0.57 0.00424448   0.254902 0.00834993
      0.58 0.00399689   0.255319 0.00787057
      0.59 0.00399689      0.288 0.00788436
       0.6 0.00353707   0.277778 0.00698519
      0.61 0.00279428   0.236559 0.00552333
      0.62 0.00113186   0.192308 0.00225048
      0.63 0.00106112   0.191781 0.00211056
      0.64 0.00106112   0.191176 0.00211053
      0.65 0.000707414    0.15625 0.00140845
      0.66 0.000424448   0.117647 0.000845845
      0.67 0.000389078   0.113636  0.0007755
      0.68 0.000389078    0.16129 0.000776282
      0.69 0.000318336   0.148148 0.000635307
       0.7 0.000318336   0.136364 0.000635189
      0.71 0.000318336   0.157895 0.000635391
      0.72 0.000176853  0.0588235 0.000352647
      0.73          0          0          0
      0.74          0          0          0
      0.75          0          0          0
      0.76          0          0          0
      0.77          0          0          0
      0.78          0          0          0
      0.79          0          0          0
       0.8          0          0          0
      0.81          0          0          0
      0.82          0          0          0
      0.83          0          0          0
      0.84          0          0          0
      0.85          0          0          0
      0.86          0          0          0
      0.87          0          0          0
      0.88          0          0          0
      0.89          0          0          0
       0.9          0          0          0
      0.91          0          0          0
      0.92          0          0          0
      0.93          0          0          0
      0.94          0          0          0
      0.95          0          0          0
      0.96          0          0          0
      0.97          0          0          0
      0.98          0          0          0
      0.99          0          0          0
