         0          1   0.310743   0.474148
      0.01   0.999358   0.275372    0.43177
      0.02   0.999318   0.280613   0.438182
      0.03   0.998997   0.307052   0.469728
      0.04   0.998917   0.321194   0.486089
      0.05   0.998797   0.322984   0.488123
      0.06   0.997032   0.324367   0.489488
      0.07   0.995107   0.324354    0.48924
      0.08   0.989211   0.324875   0.489115
      0.09   0.985962   0.326401   0.490442
       0.1   0.980628   0.330599   0.494491
      0.11   0.975855   0.337553     0.5016
      0.12   0.972005   0.343411   0.507516
      0.13   0.967553   0.356365   0.520881
      0.14   0.964385   0.367484   0.532178
      0.15   0.961577   0.387097   0.551984
      0.16   0.958449    0.40125    0.56568
      0.17    0.95131   0.423737   0.586315
      0.18   0.950547   0.443421   0.604738
      0.19   0.948301   0.475965   0.633811
       0.2    0.94397     0.4976   0.651678
      0.21   0.939197   0.528357    0.67627
      0.22   0.931857   0.558327   0.698277
      0.23   0.928248    0.57736   0.711916
      0.24   0.920306    0.60211   0.727956
      0.25   0.913488   0.618363   0.737496
      0.26    0.90302   0.638561   0.748107
      0.27   0.886335   0.653986   0.752636
      0.28   0.873381    0.67188   0.759493
      0.29    0.85826   0.679458   0.758464
       0.3   0.836883   0.688995   0.755772
      0.31   0.808086   0.696761   0.748305
      0.32   0.788593   0.698673   0.740915
      0.33   0.763687    0.70124   0.731132
      0.34   0.733566   0.702778   0.717842
      0.35   0.706975   0.700955   0.703952
      0.36   0.686921   0.698909   0.692863
      0.37   0.655196   0.694266   0.674165
      0.38   0.631573   0.687319   0.658268
      0.39    0.59684   0.679669   0.635567
       0.4   0.580235   0.673858   0.623552
      0.41   0.543296   0.658462   0.595361
      0.42   0.521437   0.647059   0.577496
      0.43   0.498456    0.63439   0.558267
      0.44   0.455942   0.615205   0.523734
      0.45   0.439538    0.60302   0.508461
      0.46   0.408334    0.58329   0.480378
      0.47   0.391449   0.569799   0.464079
      0.48    0.35439   0.545561   0.429671
      0.49    0.32455   0.529303   0.402377
       0.5   0.276782   0.492617   0.354426
      0.51   0.251193   0.462936   0.325673
      0.52   0.225404   0.441825   0.298516
      0.53   0.192155   0.403941   0.260425
      0.54   0.177476   0.384351   0.242826
      0.55   0.153371   0.353974   0.214014
      0.56   0.133758   0.334619    0.19112
      0.57   0.118237   0.306982   0.170719
      0.58  0.0963783    0.28328   0.143824
      0.59  0.0803353   0.255102   0.122191
       0.6  0.0725143   0.226841   0.109898
      0.61  0.0557093   0.188679  0.0860203
      0.62  0.0463241   0.163399  0.0721839
      0.63  0.0419123   0.150868  0.0656003
      0.64  0.0281956   0.124825  0.0460005
      0.65  0.0249068   0.114943  0.0409419
      0.66   0.015281  0.0980392  0.0264407
      0.67 0.00878354  0.0860215  0.0159395
      0.68 0.00878354  0.0838509  0.0159014
      0.69 0.00786107  0.0788644   0.014297
       0.7 0.00782096  0.0781499  0.0142189
      0.71  0.0053744  0.0781759  0.0100574
      0.72 0.00529419    0.07743 0.00991074
      0.73 0.00529419  0.0791246 0.00992434
      0.74 0.00529419   0.080895 0.00993798
      0.75 0.00529419  0.0827465 0.00995166
      0.76 0.00529419  0.0840787 0.00996115
      0.77 0.00529419  0.0868762 0.00998019
      0.78 0.00529419  0.0890152 0.00999398
      0.79 0.00509365  0.0876494 0.00962779
       0.8 0.00453215  0.0847107 0.00860397
      0.81 0.00352946  0.0775862 0.00675177
      0.82 0.00352946  0.0823799 0.00676891
      0.83 0.00352946  0.0853081 0.00677847
      0.84 0.00344924  0.0890585 0.00664127
      0.85 0.00300806  0.0817942 0.00580272
      0.86 0.00288774  0.0793201  0.0055726
      0.87 0.00260699  0.0730994 0.00503443
      0.88 0.00252677  0.0703364  0.0048783
      0.89 0.00252677  0.0725552 0.00488347
       0.9 0.00232623  0.0693069 0.00450138
      0.91 0.00232623  0.0704698  0.0045038
      0.92 0.00232623  0.0716724 0.00450621
      0.93 0.00232623  0.0716724 0.00450621
      0.94 0.00232623  0.0721649 0.00450718
      0.95 0.00232623  0.0729167 0.00450863
      0.96 0.00232623  0.0734266  0.0045096
      0.97 0.00232623  0.0734266  0.0045096
      0.98 0.00232623  0.0734266  0.0045096
      0.99 0.00232623  0.0739437 0.00451057
