         0          1   0.172013   0.293534
      0.01   0.999283   0.136264   0.239825
      0.02   0.999283   0.136289   0.239864
      0.03   0.999283   0.136545   0.240261
      0.04   0.999283   0.138829   0.243789
      0.05   0.999283   0.142464   0.249375
      0.06   0.999283      0.152   0.263864
      0.07   0.999211   0.160599   0.276722
      0.08   0.997777   0.176266   0.299605
      0.09   0.994406   0.191134   0.320638
       0.1   0.990892   0.215621   0.354172
      0.11   0.979489   0.241903   0.387986
      0.12    0.96321   0.259174   0.408446
      0.13   0.946285   0.290664   0.444725
      0.14    0.93689    0.31281   0.469023
      0.15   0.920468   0.349876   0.507027
      0.16   0.911503   0.371766   0.528129
      0.17    0.87959   0.400548   0.550438
      0.18   0.854848   0.420402   0.563623
      0.19   0.819349   0.442912   0.574999
       0.2   0.803285   0.460199   0.585162
      0.21   0.774168   0.483053   0.594906
      0.22       0.75    0.50978   0.606987
      0.23    0.73745   0.526758   0.614547
      0.24    0.70611   0.548837   0.617619
      0.25   0.684811   0.559206   0.615668
      0.26   0.655622   0.580163   0.615589
      0.27   0.639773   0.585592   0.611485
      0.28   0.620052    0.59363   0.606553
      0.29   0.606928   0.601534   0.604219
       0.3   0.582329   0.610773   0.596212
      0.31   0.553571   0.612418    0.58151
      0.32   0.526391   0.610261   0.565232
      0.33   0.501865   0.604749   0.548524
      0.34   0.486302   0.599449    0.53698
      0.35   0.447433    0.59351   0.510222
      0.36   0.424555   0.587871   0.493041
      0.37   0.402682   0.581426   0.475821
      0.38   0.383462   0.577687   0.460951
      0.39   0.362808   0.568266   0.442868
       0.4   0.335341   0.555039   0.418085
      0.41   0.312751   0.541024   0.396371
      0.42   0.301061   0.528351   0.383563
      0.43    0.28636   0.515639   0.368226
      0.44   0.263626   0.494806   0.343983
      0.45   0.242828   0.483839   0.323366
      0.46   0.236948    0.47551   0.316288
      0.47   0.229059   0.464921   0.306909
      0.48   0.209266     0.4422   0.284089
      0.49   0.200516   0.425234   0.272525
       0.5   0.185815   0.401235      0.254
      0.51   0.174914   0.378628   0.239286
      0.52   0.161431    0.36214   0.223315
      0.53   0.148236   0.335294   0.205582
      0.54   0.135901   0.313573   0.189621
      0.55   0.112235   0.273504   0.159158
      0.56  0.0981067    0.25641   0.141915
      0.57  0.0805364   0.234615   0.119911
      0.58  0.0655479   0.202811  0.0990751
      0.59  0.0576592   0.183333  0.0877277
       0.6  0.0463282   0.165591  0.0724005
      0.61  0.0396586   0.156388   0.063272
      0.62  0.0390132   0.144796  0.0614655
      0.63  0.0344951   0.139908  0.0553447
      0.64  0.0318417   0.135831  0.0515896
      0.65  0.0316265   0.134434  0.0512064
      0.66  0.0314114   0.134474  0.0509269
      0.67  0.0314114   0.133663  0.0508685
      0.68  0.0314114   0.137755  0.0511576
      0.69  0.0312679   0.137203  0.0509293
       0.7  0.0290448   0.126344  0.0472316
      0.71   0.026463   0.117166  0.0431746
      0.72   0.026463   0.117166  0.0431746
      0.73  0.0234509    0.10989  0.0386532
      0.74  0.0229489   0.100279  0.0373502
      0.75  0.0187177  0.0849858  0.0306786
      0.76   0.016638  0.0744986  0.0272011
      0.77  0.0141997   0.066474  0.0234006
      0.78  0.0139845  0.0614035  0.0227808
      0.79  0.0139128  0.0563798  0.0223182
       0.8  0.0131956  0.0479042  0.0206916
      0.81 0.00889271  0.0307692  0.0137977
      0.82 0.00365749   0.022082 0.00627554
      0.83 0.00365749   0.022082 0.00627554
      0.84 0.00365749  0.0224359 0.00628964
      0.85 0.00365749  0.0227273 0.00630096
      0.86 0.00365749  0.0234899 0.00632945
      0.87 0.00365749  0.0176678 0.00606039
      0.88 0.00337063  0.0153846 0.00552974
      0.89 0.00172117     0.0125 0.00302572
       0.9 0.00172117  0.0151515 0.00309119
      0.91 0.00143431  0.0116959 0.00255526
      0.92 0.00143431   0.013245 0.00258833
      0.93 0.00143431      0.016 0.00263262
      0.94 0.00143431  0.0169492  0.0026448
      0.95 0.00143431   0.019802 0.00267487
      0.96 0.00143431  0.0212766 0.00268745
      0.97 0.000573723  0.0144928 0.00110375
      0.98 0.000573723   0.016129 0.00110803
      0.99 0.000573723  0.0232558 0.00111982
