         0          1   0.171113   0.292223
      0.01   0.999524   0.143639   0.251182
      0.02   0.999524   0.143669   0.251227
      0.03   0.999524   0.143699   0.251273
      0.04   0.999524    0.14421   0.252054
      0.05   0.999524   0.144432   0.252392
      0.06   0.998571   0.144024   0.251739
      0.07   0.996952   0.143501   0.250889
      0.08   0.995142   0.143892   0.251429
      0.09    0.99438   0.144666   0.252586
       0.1   0.993904   0.145443   0.253753
      0.11   0.990855   0.145823   0.254231
      0.12   0.983711   0.147507   0.256546
      0.13   0.981901   0.150604   0.261152
      0.14   0.981235   0.153625   0.265658
      0.15   0.977901   0.158691   0.273069
      0.16   0.974186   0.163029   0.279315
      0.17   0.967232    0.17105   0.290693
      0.18   0.961612    0.17821   0.300694
      0.19   0.945894   0.189323   0.315499
       0.2   0.934178   0.196973   0.325346
      0.21   0.905887   0.211457   0.342878
      0.22   0.877596   0.227232   0.360994
      0.23   0.861212   0.240711   0.376258
      0.24   0.836445   0.262638   0.399756
      0.25   0.819108   0.275271   0.412063
      0.26   0.754048   0.299054   0.428261
      0.27   0.728424   0.316385   0.441157
      0.28   0.696133   0.340748   0.457537
      0.29   0.666413   0.355181   0.463388
       0.3   0.641551   0.377246   0.475114
      0.31   0.600495   0.394805   0.476396
      0.32    0.57449   0.403846   0.474286
      0.33   0.520385   0.418287   0.463783
      0.34   0.510478   0.425607   0.464195
      0.35   0.459135   0.429011   0.443562
      0.36   0.432368   0.433145   0.432756
      0.37   0.401219   0.435072    0.41746
      0.38   0.378167   0.433315   0.403867
      0.39   0.358449   0.424913   0.388861
       0.4   0.334921   0.414091   0.370322
      0.41   0.313584      0.402   0.352329
      0.42   0.277291   0.392477   0.324979
      0.43   0.259859    0.37954   0.308499
      0.44   0.238236   0.361987   0.287354
      0.45   0.226234   0.351987   0.275436
      0.46   0.209183   0.333043   0.256966
      0.47   0.188036   0.314312   0.235303
      0.48   0.170604   0.299345    0.21734
      0.49   0.151648   0.287224   0.198495
       0.5   0.130787   0.280597   0.178414
      0.51   0.128215   0.268443   0.173542
      0.52    0.12088   0.252366   0.163463
      0.53   0.106782   0.234273   0.146699
      0.54   0.101638   0.221729   0.139384
      0.55  0.0920175   0.203196   0.126672
      0.56  0.0866832   0.198146   0.120605
      0.57  0.0845875   0.193435   0.117704
      0.58  0.0822061   0.186019   0.114023
      0.59  0.0775386   0.180072     0.1084
       0.6   0.076967    0.17296   0.106529
      0.61   0.072109   0.157107  0.0988485
      0.62  0.0647742   0.132468  0.0870047
      0.63  0.0578205   0.118984  0.0778229
      0.64  0.0459135  0.0991736  0.0627679
      0.65  0.0436274  0.0958333  0.0599589
      0.66  0.0285769  0.0870185  0.0430245
      0.67  0.0282911  0.0800582   0.041808
      0.68  0.0275291  0.0766917   0.040515
      0.69  0.0216232   0.068323  0.0328499
       0.7  0.0195275  0.0606061  0.0295378
      0.71  0.0142884  0.0564516  0.0228048
      0.72  0.0134311  0.0520325  0.0213509
      0.73  0.0120975      0.045  0.0190688
      0.74 0.00971614  0.0410256  0.0157113
      0.75 0.00838255  0.0383275  0.0137564
      0.76 0.00809678  0.0371681  0.0132969
      0.77 0.00809678  0.0380435  0.0133519
      0.78 0.00800152  0.0366972  0.0131383
      0.79 0.00800152  0.0373134  0.0131773
       0.8 0.00800152  0.0358491  0.0130829
      0.81 0.00800152  0.0365385  0.0131281
      0.82 0.00800152  0.0374016  0.0131828
      0.83 0.00800152  0.0377734  0.0132057
      0.84 0.00800152  0.0390144  0.0132795
      0.85 0.00800152       0.04  0.0133355
      0.86 0.00800152  0.0413943  0.0134108
      0.87 0.00800152  0.0408163  0.0133801
      0.88  0.0076205  0.0377358  0.0126803
      0.89  0.0076205  0.0384615  0.0127206
       0.9 0.00723947     0.0375  0.0121361
      0.91 0.00723947  0.0393701  0.0122301
      0.92 0.00704896  0.0383562  0.0119093
      0.93 0.00638217  0.0342857  0.0107612
      0.94 0.00638217  0.0350877  0.0107999
      0.95 0.00571537  0.0331325 0.00974904
      0.96 0.00571537   0.034375 0.00980116
      0.97 0.00552486  0.0327869 0.00945626
      0.98 0.00552486  0.0338983 0.00950119
      0.99 0.00552486  0.0359712 0.00957854
