         0          1   0.391539   0.562742
      0.01   0.995269   0.387096   0.557399
      0.02   0.995269    0.38836   0.558709
      0.03   0.994638   0.392775   0.563162
      0.04   0.993552   0.401935   0.572336
      0.05   0.992746   0.408623   0.578947
      0.06    0.99194   0.419098    0.58924
      0.07    0.99166   0.424999   0.594998
      0.08   0.987805   0.433546   0.602608
      0.09   0.982233   0.439844   0.607603
       0.1   0.974208    0.44615   0.612019
      0.11   0.945227   0.449876   0.609611
      0.12   0.925182   0.453407    0.60857
      0.13   0.888807   0.459961   0.606208
      0.14   0.868377   0.463855   0.604701
      0.15   0.840132   0.469685   0.602523
      0.16   0.818335   0.475414   0.601427
      0.17   0.779857   0.482823   0.596403
      0.18   0.752488   0.487425   0.591624
      0.19   0.710156   0.496292   0.584268
       0.2   0.683452   0.503339   0.579728
      0.21   0.647883   0.515293   0.574031
      0.22   0.614662   0.526214   0.567009
      0.23   0.588765   0.534787   0.560479
      0.24   0.558277   0.552955   0.555603
      0.25   0.538443   0.561759   0.549854
      0.26   0.508866   0.583265   0.543531
      0.27   0.487945   0.592237   0.535056
      0.28   0.459069   0.614958   0.525701
      0.29   0.438218   0.627697   0.516117
       0.3   0.413898   0.645427   0.504361
      0.31   0.389333   0.663729   0.490781
      0.32   0.370935   0.675046   0.478781
      0.33   0.346019   0.694512   0.461907
      0.34   0.332948    0.71039   0.453396
      0.35   0.316968   0.722249   0.440581
      0.36   0.303932   0.729633   0.429114
      0.37   0.278981   0.741516   0.405428
      0.38   0.266155   0.747444   0.392534
      0.39   0.247862   0.746239   0.372124
       0.4   0.235597   0.740251   0.357435
      0.41   0.224138   0.732719    0.34327
      0.42   0.212153   0.718251   0.327555
      0.43     0.1974   0.705725   0.308507
      0.44   0.182576   0.682854   0.288118
      0.45   0.172869   0.672269   0.275019
      0.46   0.159413   0.651376    0.25614
      0.47   0.152509   0.638554   0.246214
      0.48   0.139964   0.617992   0.228236
      0.49   0.136179   0.609589   0.222625
       0.5   0.117886   0.580894   0.195997
      0.51   0.100154   0.538596   0.168901
      0.52  0.0888001   0.507692   0.151161
      0.53  0.0760443   0.462203   0.130601
      0.54  0.0675287   0.429577   0.116711
      0.55  0.0574012   0.364611  0.0991872
      0.56  0.0486754   0.322857  0.0845966
      0.57  0.0419821   0.250804  0.0719246
      0.58  0.0317494   0.188153  0.0543308
      0.59  0.0189585   0.111111  0.0323904
       0.6  0.0145781   0.083004  0.0248004
      0.61  0.0110737  0.0714286  0.0191748
      0.62 0.00770956  0.0585586  0.0136253
      0.63 0.00543174  0.0469484 0.00973695
      0.64 0.00129661  0.0193237 0.00243015
      0.65 0.00129661  0.0193237 0.00243015
      0.66 0.000841043  0.0146341 0.00159067
      0.67 0.000665826 0.00492611 0.00117309
      0.68          0          0          0
      0.69          0          0          0
       0.7          0          0          0
      0.71          0          0          0
      0.72          0          0          0
      0.73          0          0          0
      0.74          0          0          0
      0.75          0          0          0
      0.76          0          0          0
      0.77          0          0          0
      0.78          0          0          0
      0.79          0          0          0
       0.8          0          0          0
      0.81          0          0          0
      0.82          0          0          0
      0.83          0          0          0
      0.84          0          0          0
      0.85          0          0          0
      0.86          0          0          0
      0.87          0          0          0
      0.88          0          0          0
      0.89          0          0          0
       0.9          0          0          0
      0.91          0          0          0
      0.92          0          0          0
      0.93          0          0          0
      0.94          0          0          0
      0.95          0          0          0
      0.96          0          0          0
      0.97          0          0          0
      0.98          0          0          0
      0.99          0          0          0
