         0          1   0.216663    0.35616
      0.01   0.999819   0.164584   0.282641
      0.02   0.999819   0.237102   0.383305
      0.03   0.999819   0.373922   0.544287
      0.04   0.999411    0.44488    0.61569
      0.05   0.999411    0.49594   0.662919
      0.06   0.999321   0.585572    0.73844
      0.07   0.999321   0.641029   0.781045
      0.08   0.999321   0.670093   0.802243
      0.09    0.99923   0.672533    0.80396
       0.1   0.999185   0.678642   0.808294
      0.11   0.998505   0.683641   0.811605
      0.12   0.997736   0.687322   0.813937
      0.13    0.99683   0.694541   0.818672
      0.14   0.995426   0.699676   0.821751
      0.15   0.993524   0.708146   0.826906
      0.16    0.99212   0.713991   0.830385
      0.17   0.989493   0.727536   0.838532
      0.18   0.988995   0.735326   0.843501
      0.19   0.988134   0.749601   0.852496
       0.2   0.987002   0.760059    0.85879
      0.21   0.985462    0.77511    0.86772
      0.22   0.985054   0.792199   0.878163
      0.23   0.983016   0.802005   0.883333
      0.24   0.981069     0.8184   0.892382
      0.25    0.97894   0.825457   0.895671
      0.26   0.975996   0.834816   0.899903
      0.27   0.975226   0.841151    0.90324
      0.28   0.969067   0.845782   0.903237
      0.29   0.967754   0.847112   0.903423
       0.3   0.964764   0.850565   0.904073
      0.31   0.960598   0.855051   0.904756
      0.32   0.957065    0.85755   0.904579
      0.33     0.9476   0.861654   0.902585
      0.34   0.934828   0.860574   0.896165
      0.35   0.917572   0.859274   0.887467
      0.36   0.910643   0.858196   0.883642
      0.37   0.888678   0.855376   0.871709
      0.38    0.87269   0.853947   0.863217
      0.39   0.854529   0.850556   0.852538
       0.4   0.846875   0.849082   0.847977
      0.41   0.835054   0.846132   0.840557
      0.42   0.820697     0.8432   0.831796
      0.43   0.812092   0.840862   0.826227
      0.44   0.790082    0.83638   0.812572
      0.45   0.782428   0.832866    0.80686
      0.46   0.764447    0.82683   0.794416
      0.47   0.749955   0.821654   0.784169
      0.48   0.711458     0.8147   0.759587
      0.49   0.691395   0.808351   0.745313
       0.5   0.659194   0.800298   0.722925
      0.51   0.636096   0.790215   0.704829
      0.52   0.614312   0.783488   0.688662
      0.53   0.575951   0.769731   0.658889
      0.54   0.557926   0.756881    0.64235
      0.55   0.507745   0.729102   0.598615
      0.56   0.466848   0.706443   0.562182
      0.57   0.412002   0.674736   0.511609
      0.58   0.386911   0.654101   0.486217
      0.59   0.351359    0.62601   0.450094
       0.6   0.328668   0.599351   0.424534
      0.61   0.294203   0.548113   0.382888
      0.62   0.244701    0.46868   0.321529
      0.63   0.194973   0.415423   0.265389
      0.64   0.156024   0.333333   0.212556
      0.65   0.113678   0.273994   0.160687
      0.66  0.0869565   0.217391   0.124224
      0.67  0.0712862   0.181818   0.102417
      0.68  0.0399457   0.141284  0.0622821
      0.69   0.028442    0.13197  0.0467982
       0.7  0.0252717   0.128731  0.0422493
      0.71  0.0230525    0.12218  0.0387869
      0.72  0.0190217   0.117202  0.0327312
      0.73  0.0186594   0.110476  0.0319265
      0.74  0.0177083   0.107075  0.0303906
      0.75  0.0177083    0.10728  0.0303988
      0.76  0.0177083   0.105566  0.0303291
      0.77  0.0177083   0.103846  0.0302571
      0.78   0.017346   0.100386  0.0295807
      0.79  0.0167572  0.0970874  0.0285814
       0.8  0.0159873  0.0935673  0.0273086
      0.81  0.0155344  0.0923379  0.0265947
      0.82  0.0140851   0.083499  0.0241042
      0.83   0.013904      0.082  0.0237764
      0.84  0.0138134  0.0808081  0.0235937
      0.85  0.0138134  0.0813008  0.0236146
      0.86  0.0138134  0.0821355  0.0236495
      0.87  0.0138134  0.0814196  0.0236196
      0.88  0.0130888  0.0777538  0.0224058
      0.89  0.0119565  0.0774487  0.0207151
       0.9  0.0119565   0.078341  0.0207467
      0.91   0.010779  0.0750605  0.0188509
      0.92 0.00865036     0.0625  0.0151973
      0.93 0.00706522  0.0512129  0.0124174
      0.94 0.00706522  0.0516304  0.0124295
      0.95 0.00706522  0.0519126  0.0124377
      0.96 0.00602355  0.0497238  0.0107454
      0.97 0.00561594  0.0446927 0.00997807
      0.98 0.00561594  0.0450704 0.00998742
      0.99 0.00457428  0.0429799 0.00826854
