         0          1   0.205491   0.340925
      0.01      0.997   0.211924   0.349548
      0.02      0.997    0.21259   0.350453
      0.03      0.997   0.214949   0.353652
      0.04   0.996667    0.22266   0.364001
      0.05   0.996167   0.232756   0.377344
      0.06   0.993001   0.252162   0.402192
      0.07   0.992001   0.266338    0.41993
      0.08   0.985918   0.288746   0.446674
      0.09   0.980418   0.302334   0.462153
       0.1   0.961503   0.319726   0.479879
      0.11   0.941255   0.332659   0.491582
      0.12   0.910257   0.339596   0.494649
      0.13   0.870177   0.352378   0.501624
      0.14   0.845013   0.364391   0.509202
      0.15   0.805683   0.385634   0.521606
      0.16   0.761103   0.395684   0.520678
      0.17    0.71769   0.419108   0.529188
      0.18   0.689859   0.433142   0.532158
      0.19   0.639613   0.459271   0.534644
       0.2   0.625365   0.480385   0.543371
      0.21    0.59445   0.505241   0.546227
      0.22   0.569203   0.526942   0.547258
      0.23   0.547288    0.54055   0.543898
      0.24    0.51454   0.556168   0.534545
      0.25   0.493209   0.563576    0.52605
      0.26   0.459795   0.573978   0.510581
      0.27   0.437714   0.570874   0.495503
      0.28   0.391217    0.56351   0.461818
      0.29   0.375219   0.546632   0.444989
       0.3    0.32564   0.519837   0.400436
      0.31    0.27706   0.492974   0.354747
      0.32   0.238647   0.464698   0.315347
      0.33   0.196317   0.427746    0.26912
      0.34   0.169736   0.405449   0.239294
      0.35   0.140155   0.368984   0.203147
      0.36   0.120323   0.350575   0.179157
      0.37   0.107908   0.327835   0.162371
      0.38  0.0959087    0.30719   0.146178
      0.39   0.087576   0.290323   0.134561
       0.4  0.0749104   0.274463   0.117697
      0.41  0.0669944   0.264706   0.106927
      0.42   0.052079   0.253886   0.086429
      0.43  0.0510791   0.249344  0.0847888
      0.44   0.044163   0.235772  0.0743915
      0.45  0.0413299   0.235294  0.0703097
      0.46  0.0379968   0.238938   0.065567
      0.47  0.0364136   0.233333  0.0629962
      0.48  0.0358303    0.23676  0.0622413
      0.49  0.0358303   0.239748  0.0623434
       0.5  0.0292476   0.227723  0.0518374
      0.51  0.0277477   0.224199  0.0493835
      0.52  0.0277477   0.228782  0.0494927
      0.53  0.0269144   0.215768   0.047859
      0.54  0.0264978   0.213675  0.0471487
      0.55  0.0241647    0.22549  0.0436514
      0.56   0.023498   0.229947  0.0426389
      0.57  0.0227481   0.226994  0.0413521
      0.58  0.0214149   0.228188  0.0391551
      0.59  0.0202483       0.24  0.0373458
       0.6  0.0186651   0.236364  0.0345981
      0.61  0.0173319   0.244444  0.0323687
      0.62  0.0144155   0.269841  0.0273688
      0.63  0.0123323   0.272727  0.0235976
      0.64  0.0123323   0.358974  0.0238454
      0.65  0.0100825    0.37931  0.0196429
      0.66 0.00966586   0.588235  0.0190192
      0.67  0.0088326     0.5625  0.0173921
      0.68 0.00591617   0.555556  0.0117077
      0.69 0.00224981       0.25 0.00445949
       0.7 0.00224981   0.333333 0.00446946
      0.71          0          0          0
      0.72          0          0          0
      0.73          0          0          0
      0.74          0          0          0
      0.75          0          0          0
      0.76          0          0          0
      0.77          0          0          0
      0.78          0          0          0
      0.79          0          0          0
       0.8          0          0          0
      0.81          0          0          0
      0.82          0          0          0
      0.83          0          0          0
      0.84          0          0          0
      0.85          0          0          0
      0.86          0          0          0
      0.87          0          0          0
      0.88          0          0          0
      0.89          0          0          0
       0.9          0          0          0
      0.91          0          0          0
      0.92          0          0          0
      0.93          0          0          0
      0.94          0          0          0
      0.95          0          0          0
      0.96          0          0          0
      0.97          0          0          0
      0.98          0          0          0
      0.99          0          0          0
