         0          1   0.214804   0.353644
      0.01   0.991043   0.175429   0.298092
      0.02   0.988729   0.206741   0.341976
      0.03   0.986788   0.262237   0.414359
      0.04   0.982608   0.340811   0.506088
      0.05   0.978801   0.385568   0.553215
      0.06   0.966784   0.424354   0.589817
      0.07   0.953646   0.451429   0.612783
      0.08    0.92879   0.479658   0.632614
      0.09   0.913488    0.50039   0.646591
       0.1   0.893484   0.548286    0.67956
      0.11   0.877137   0.569074   0.690294
      0.12   0.866911   0.583187   0.697292
      0.13   0.847578    0.59629   0.700067
      0.14   0.827349   0.640377   0.721954
      0.15   0.804658   0.679686   0.736911
      0.16   0.791595    0.69413   0.739665
      0.17   0.762111   0.702423   0.731051
      0.18   0.746585   0.708214   0.726894
      0.19   0.707173   0.705992   0.706582
       0.2    0.67754   0.704313   0.690667
      0.21   0.629992    0.70753   0.666513
      0.22   0.588266   0.710819   0.643762
      0.23   0.567366   0.707512   0.629736
      0.24   0.527879    0.71541   0.607501
      0.25   0.493319   0.715134   0.583869
      0.26   0.469657   0.722944   0.569404
      0.27   0.442189   0.725217   0.549394
      0.28   0.408599   0.740956   0.526732
      0.29   0.385012   0.744799   0.507618
       0.3   0.362096   0.757088    0.48989
      0.31   0.338733   0.772077   0.470878
      0.32   0.321191   0.776173   0.454362
      0.33   0.306561   0.786484   0.441163
      0.34   0.296634   0.785936   0.430707
      0.35   0.274987   0.826809   0.412711
      0.36   0.259312   0.830552   0.395227
      0.37     0.2461   0.835211   0.380178
      0.38   0.229753   0.839394   0.360761
      0.39   0.221841   0.848185   0.351696
       0.4   0.215571   0.848592   0.343804
      0.41   0.207136   0.851779   0.333235
      0.42   0.193551   0.866197   0.316402
      0.43   0.172053   0.865285   0.287033
      0.44    0.15608   0.879412   0.265108
      0.45   0.143987   0.872204   0.247171
      0.46   0.134508   0.875445   0.233187
      0.47   0.127939   0.876448   0.223284
      0.48   0.115026   0.877193   0.203382
      0.49   0.108009   0.867925   0.192111
       0.5  0.0930805   0.872222    0.16821
      0.51  0.0783011   0.862069   0.143563
      0.52  0.0662835   0.870229   0.123184
      0.53  0.0594909   0.884956   0.111487
      0.54  0.0579981   0.873786   0.108776
      0.55  0.0549377   0.865169   0.103315
      0.56  0.0458312    0.84507  0.0869469
      0.57  0.0449354    0.87037  0.0854588
      0.58    0.03665   0.880952  0.0703723
      0.59  0.0255281   0.833333  0.0495387
       0.6  0.0149287   0.909091   0.029375
      0.61  0.0123908   0.944444  0.0244607
      0.62  0.0102262          1  0.0202453
      0.63  0.0102262          1  0.0202453
      0.64 0.00836008          1  0.0165815
      0.65 0.00836008          1  0.0165815
      0.66 0.00836008          1  0.0165815
      0.67 0.00836008          1  0.0165815
      0.68 0.00671792          1  0.0133462
      0.69 0.00477719          1 0.00950895
       0.7 0.00455326          1 0.00906524
      0.71          0          0          0
      0.72          0          0          0
      0.73          0          0          0
      0.74          0          0          0
      0.75          0          0          0
      0.76          0          0          0
      0.77          0          0          0
      0.78          0          0          0
      0.79          0          0          0
       0.8          0          0          0
      0.81          0          0          0
      0.82          0          0          0
      0.83          0          0          0
      0.84          0          0          0
      0.85          0          0          0
      0.86          0          0          0
      0.87          0          0          0
      0.88          0          0          0
      0.89          0          0          0
       0.9          0          0          0
      0.91          0          0          0
      0.92          0          0          0
      0.93          0          0          0
      0.94          0          0          0
      0.95          0          0          0
      0.96          0          0          0
      0.97          0          0          0
      0.98          0          0          0
      0.99          0          0          0
