         0          1   0.406617   0.578148
      0.01   0.999762   0.391551   0.562717
      0.02   0.999762   0.410261   0.581782
      0.03   0.999723   0.447421   0.618179
      0.04   0.999049   0.478661   0.647225
      0.05   0.998692   0.494635   0.661594
      0.06   0.996115   0.511154   0.675617
      0.07   0.990685   0.520915   0.682803
      0.08   0.977565   0.536653   0.692916
      0.09   0.961471   0.550605   0.700217
       0.1   0.929285   0.569173   0.705957
      0.11    0.89143   0.585092   0.706482
      0.12   0.876169    0.59532   0.708943
      0.13   0.846678   0.606976   0.707064
      0.14   0.823886   0.611597   0.702044
      0.15   0.793642   0.618603   0.695275
      0.16   0.778619   0.625249   0.693556
      0.17   0.743935   0.628118   0.681139
      0.18    0.72364   0.632112   0.674787
      0.19   0.684596   0.638925   0.660973
       0.2   0.655938   0.638672    0.64719
      0.21   0.610076   0.641139   0.625222
      0.22   0.573926   0.642883    0.60645
      0.23   0.547527    0.64422    0.59195
      0.24   0.500753   0.644884   0.563752
      0.25   0.465594   0.639123   0.538729
      0.26   0.428571   0.635918   0.512051
      0.27   0.402172   0.630797   0.491184
      0.28   0.364833   0.616335    0.45835
      0.29   0.328246   0.600227   0.424401
       0.3   0.295386   0.574688   0.390208
      0.31   0.255113   0.553545   0.349262
      0.32   0.223284   0.528872      0.314
      0.33   0.192802   0.491692    0.27699
      0.34   0.173815   0.467428   0.253401
      0.35   0.143055   0.429765   0.214658
      0.36   0.124901   0.408831   0.191345
      0.37   0.107658   0.382903   0.168063
      0.38  0.0998097   0.365854   0.156833
      0.39  0.0831219   0.330544   0.132839
       0.4  0.0741636   0.306931   0.119462
      0.41  0.0601316   0.276347  0.0987711
      0.42  0.0528381    0.24875  0.0871618
      0.43  0.0447519   0.225131  0.0746622
      0.44  0.0367449    0.19945  0.0620569
      0.45  0.0325432   0.180398  0.0551394
      0.46  0.0229507   0.158754  0.0401037
      0.47  0.0216823   0.151002  0.0379196
      0.48  0.0166482   0.127832  0.0294597
      0.49  0.0158158   0.116861  0.0278609
       0.5  0.0135564   0.103691  0.0239779
      0.51  0.0106231  0.0942029  0.0190931
      0.52 0.00955288  0.0878505  0.0172319
      0.53 0.00725384  0.0772277   0.013262
      0.54 0.00424132  0.0639659 0.00795516
      0.55 0.00420168  0.0634921 0.00788177
      0.56 0.00404313  0.0614657 0.00758718
      0.57  0.0038053  0.0522193 0.00709367
      0.58 0.00332963  0.0457143 0.00620716
      0.59 0.00321072  0.0491803 0.00602791
       0.6 0.00305216  0.0472727 0.00573411
      0.61 0.00305216  0.0483871 0.00574213
      0.62 0.00261614  0.0526316 0.00498452
      0.63 0.00261614  0.0607735 0.00501634
      0.64 0.00225939  0.0606061 0.00435638
      0.65 0.00225939  0.0632911 0.00436304
      0.66 0.00210084     0.0625 0.00406504
      0.67 0.00138735  0.0534351 0.00270448
      0.68 0.00138735  0.0598291 0.00271181
      0.69 0.00138735       0.07 0.00272077
       0.7 0.00107024  0.0493827 0.00209507
      0.71 0.00107024  0.0769231 0.00211111
      0.72 0.00107024  0.0816327 0.00211278
      0.73 0.00107024   0.097561 0.00211725
      0.74 0.00107024   0.108108  0.0021195
      0.75 0.00107024   0.111111 0.00212006
      0.76 0.00107024      0.125 0.00212231
      0.77 0.00107024   0.166667 0.00212682
      0.78 0.000753131       0.15 0.00149874
      0.79 0.000753131       0.15 0.00149874
       0.8 0.000198192   0.133333 0.000395797
      0.81 0.000198192   0.111111 0.000395679
      0.82          0          0          0
      0.83          0          0          0
      0.84          0          0          0
      0.85          0          0          0
      0.86          0          0          0
      0.87          0          0          0
      0.88          0          0          0
      0.89          0          0          0
       0.9          0          0          0
      0.91          0          0          0
      0.92          0          0          0
      0.93          0          0          0
      0.94          0          0          0
      0.95          0          0          0
      0.96          0          0          0
      0.97          0          0          0
      0.98          0          0          0
      0.99          0          0          0
