         0          1   0.364376   0.534128
      0.01   0.999896   0.353951   0.522827
      0.02   0.999896   0.353934   0.522809
      0.03   0.999896   0.353954   0.522831
      0.04   0.999896   0.353952   0.522829
      0.05   0.999896   0.354307   0.523216
      0.06   0.999896   0.356018   0.525079
      0.07   0.999845   0.357292   0.526456
      0.08   0.999637    0.36009   0.529458
      0.09   0.998964   0.362733   0.532214
       0.1   0.996944   0.368393   0.537988
      0.11   0.994768   0.375361   0.545054
      0.12   0.993059   0.379602   0.549251
      0.13   0.989795    0.38654   0.555963
      0.14   0.984356   0.390947   0.559631
      0.15   0.974514   0.401755   0.568953
      0.16   0.967521   0.408309   0.574268
      0.17   0.955763   0.418818   0.582419
      0.18   0.945558   0.426603   0.587945
      0.19   0.925874    0.44109    0.59752
       0.2   0.914893   0.450346   0.603584
      0.21   0.887542   0.464488   0.609828
      0.22   0.862885   0.476962   0.614344
      0.23   0.834913   0.483815   0.612626
      0.24   0.803263   0.497412   0.614378
      0.25   0.781559   0.506221   0.614455
      0.26   0.738617   0.521464   0.611329
      0.27   0.713857   0.530953   0.608967
      0.28   0.681999   0.549852   0.608838
      0.29   0.656721   0.558627   0.603715
       0.3   0.612587   0.570271   0.590672
      0.31   0.571251   0.584968   0.578028
      0.32   0.546439   0.594086   0.569267
      0.33   0.513028    0.60398   0.554801
      0.34   0.494535   0.606487   0.544819
      0.35   0.455892    0.61135   0.522299
      0.36   0.439731   0.615385   0.512936
      0.37   0.411707   0.620019   0.494833
      0.38   0.394095   0.619803   0.481826
      0.39   0.363688   0.623452   0.459392
       0.4   0.352448   0.629283   0.451833
      0.41   0.335613   0.632517   0.438538
      0.42   0.310541    0.63719   0.417574
      0.43   0.300078   0.639583   0.408498
      0.44   0.284745   0.641362   0.394392
      0.45    0.27309   0.638743   0.382601
      0.46    0.24921   0.637716   0.358373
      0.47   0.237089   0.640021   0.346004
      0.48   0.222637   0.641686   0.330578
      0.49   0.215333   0.639426   0.322171
       0.5   0.199378   0.642857   0.304361
      0.51   0.182647    0.63959    0.28415
      0.52   0.172235   0.640478   0.271468
      0.53   0.156436   0.636986   0.251184
      0.54   0.147268   0.632321   0.238896
      0.55   0.129656   0.637516   0.215486
      0.56   0.118104   0.641749   0.199494
      0.57  0.0977467    0.61296   0.168606
      0.58  0.0867651   0.588583   0.151236
      0.59  0.0786843   0.584135   0.138687
       0.6  0.0725719   0.584906   0.129123
      0.61  0.0641285   0.561905   0.115119
      0.62  0.0500907   0.553846  0.0918722
      0.63  0.0436674   0.542735  0.0808313
      0.64  0.0371924   0.550505  0.0696774
      0.65  0.0299404   0.541436  0.0567431
      0.66   0.024864    0.51875  0.0474536
      0.67   0.020979   0.489933  0.0402352
      0.68   0.017094   0.473282  0.0329963
      0.69  0.0138824    0.46281  0.0269562
       0.7 0.00989381   0.464912  0.0193753
      0.71 0.00958301   0.485714  0.0187952
      0.72 0.00657861   0.474227  0.0129772
      0.73 0.00657861   0.478723  0.0129789
      0.74 0.00657861   0.505747  0.0129883
      0.75 0.00637141   0.505882  0.0125843
      0.76 0.00626781        0.5  0.0123804
      0.77 0.00564621   0.472973  0.0111592
      0.78 0.00523181   0.464789  0.0103471
      0.79 0.00523181   0.449275  0.0103432
       0.8 0.00523181   0.449275  0.0103432
      0.81 0.00523181   0.449275  0.0103432
      0.82 0.00523181   0.462687  0.0103466
      0.83 0.00502461   0.454545 0.00993934
      0.84 0.00502461   0.453125   0.009939
      0.85 0.00502461   0.453125   0.009939
      0.86 0.00502461   0.453125   0.009939
      0.87 0.00502461   0.453125   0.009939
      0.88 0.00502461   0.451613 0.00993863
      0.89   0.004921       0.45 0.00973555
       0.9   0.004921   0.490909 0.00974433
      0.91  0.0045066   0.461538 0.00892605
      0.92  0.0040922       0.46 0.00811224
      0.93  0.0040922   0.469388 0.00811367
      0.94  0.0039886   0.458333 0.00790839
      0.95  0.0039886   0.458333 0.00790839
      0.96  0.0039886   0.458333 0.00790839
      0.97  0.0039886   0.478261 0.00791123
      0.98  0.0039886   0.466667  0.0079096
      0.99  0.0039886   0.466667  0.0079096
