         0          1   0.374026   0.544424
      0.01   0.986117   0.357408   0.524659
      0.02   0.973723   0.360019   0.525677
      0.03   0.959483   0.361428   0.525068
      0.04   0.941905   0.359232   0.520102
      0.05   0.929572   0.357001   0.515879
      0.06   0.914497   0.354153   0.510578
      0.07    0.89966   0.353133   0.507187
      0.08   0.886254   0.352474   0.504358
      0.09   0.878329   0.353432   0.504042
       0.1   0.862897   0.355217   0.503262
      0.11   0.851278   0.357519   0.503555
      0.12   0.840672   0.358664   0.502809
      0.13   0.829768   0.361913      0.504
      0.14   0.824406   0.365504   0.506464
      0.15   0.815885   0.370902   0.509971
      0.16   0.808854   0.373216    0.51076
      0.17   0.799142   0.376182   0.511557
      0.18   0.791873   0.378225   0.511933
      0.19   0.774593   0.379138   0.509092
       0.2   0.766132   0.379768   0.507815
      0.21   0.751653   0.381495   0.506116
      0.22   0.738247   0.382505   0.503918
      0.23   0.727045   0.381446   0.500371
      0.24   0.710004   0.382008   0.496747
      0.25   0.689567   0.382136   0.491756
      0.26   0.664244   0.382961   0.485826
      0.27    0.64333   0.382696   0.479909
      0.28   0.622892    0.38431   0.475344
      0.29   0.605255   0.384912   0.470567
       0.3   0.570994   0.385945   0.460578
      0.31   0.549365   0.385977     0.4534
      0.32   0.530001   0.383503   0.445005
      0.33    0.50003   0.382578   0.433489
      0.34   0.476613    0.38194   0.424057
      0.35   0.443425   0.381213   0.409972
      0.36   0.411845   0.381373   0.396024
      0.37   0.380325   0.381516    0.38092
      0.38   0.354347   0.380165   0.366802
      0.39   0.313532   0.380017   0.343588
       0.4   0.295895   0.380785   0.333015
      0.41   0.261276   0.385791   0.311553
      0.42    0.22779   0.390277   0.287675
      0.43   0.211524   0.397442   0.276102
      0.44   0.180599   0.400978   0.249034
      0.45   0.162307   0.410007   0.232554
      0.46   0.139129   0.428328   0.210035
      0.47      0.129   0.442197   0.199732
      0.48   0.117917   0.460727   0.187775
      0.49   0.107013   0.474868   0.174665
       0.5  0.0972413   0.503175   0.162985
      0.51  0.0842519   0.515326   0.144826
      0.52  0.0778168   0.536036   0.135904
      0.53  0.0735268   0.538667   0.129392
      0.54  0.0618483   0.526316   0.110689
      0.55   0.052434   0.529412  0.0954177
      0.56  0.0484419   0.527523  0.0887353
      0.57  0.0424239       0.52  0.0784477
      0.58  0.0374188    0.52381   0.069848
      0.59  0.0320562   0.560345  0.0606432
       0.6  0.0266341   0.533981  0.0507375
      0.61  0.0199011   0.473684  0.0381974
      0.62  0.0125127   0.381818  0.0242312
      0.63  0.0112018   0.372549  0.0217497
      0.64  0.0110231   0.368421  0.0214057
      0.65 0.00887803   0.333333  0.0172954
      0.66 0.00369421   0.285714 0.00729412
      0.67 0.00333671   0.294118 0.00659856
      0.68 0.00184711   0.230769 0.00366488
      0.69 0.00184711   0.272727 0.00366936
       0.7 0.00125127   0.166667 0.00248388
      0.71          0          0          0
      0.72          0          0          0
      0.73          0          0          0
      0.74          0          0          0
      0.75          0          0          0
      0.76          0          0          0
      0.77          0          0          0
      0.78          0          0          0
      0.79          0          0          0
       0.8          0          0          0
      0.81          0          0          0
      0.82          0          0          0
      0.83          0          0          0
      0.84          0          0          0
      0.85          0          0          0
      0.86          0          0          0
      0.87          0          0          0
      0.88          0          0          0
      0.89          0          0          0
       0.9          0          0          0
      0.91          0          0          0
      0.92          0          0          0
      0.93          0          0          0
      0.94          0          0          0
      0.95          0          0          0
      0.96          0          0          0
      0.97          0          0          0
      0.98          0          0          0
      0.99          0          0          0
