         0          1   0.176767   0.300428
      0.01   0.995359    0.14506   0.253218
      0.02   0.995359   0.149552   0.260035
      0.03   0.995315   0.161794   0.278341
      0.04    0.99527   0.185858   0.313225
      0.05   0.994021   0.199399   0.332166
      0.06   0.992995   0.212078    0.34951
      0.07   0.990942   0.217758   0.357054
      0.08   0.989514   0.225458   0.367241
      0.09   0.987105   0.229402   0.372285
       0.1   0.985498   0.234911   0.379388
      0.11   0.984383   0.241317   0.387613
      0.12   0.983803   0.246227   0.393874
      0.13   0.982464   0.254395   0.404143
      0.14   0.982241   0.259792   0.410905
      0.15   0.980635   0.268513   0.421588
      0.16   0.980099    0.27605   0.430771
      0.17   0.970327   0.283765   0.439114
      0.18   0.960064   0.287996   0.443078
      0.19    0.93115   0.293598   0.446433
       0.2   0.918433   0.298871   0.450985
      0.21   0.904422   0.307263   0.458692
      0.22   0.888671   0.317003    0.46731
      0.23   0.876668   0.322531   0.471569
      0.24   0.854982   0.329132   0.475295
      0.25    0.84869   0.333752   0.479097
      0.26   0.812994   0.337755   0.477242
      0.27   0.799697   0.345986   0.483002
      0.28   0.794253   0.359445   0.494913
      0.29    0.79162   0.367662   0.502118
       0.3    0.78457    0.38249   0.514267
      0.31   0.779573   0.398253   0.527187
      0.32   0.774218   0.409662   0.535811
      0.33   0.772255   0.428446   0.551127
      0.34   0.769622   0.441096   0.560786
      0.35    0.76922   0.465662   0.580131
      0.36   0.767391   0.476973   0.588292
      0.37   0.764937   0.497216   0.602683
      0.38   0.762617   0.513049   0.613421
      0.39   0.758601   0.541567   0.631969
       0.4   0.756102   0.561289   0.644291
      0.41   0.752934   0.583932   0.657751
      0.42   0.748561   0.604272   0.668722
      0.43   0.745304    0.61769   0.675523
      0.44   0.741689   0.634969   0.684193
      0.45   0.740797   0.645457   0.689849
      0.46   0.739057   0.666333   0.700813
      0.47   0.736736   0.674802   0.704411
      0.48    0.72924   0.686189    0.70706
      0.49    0.72692   0.693566   0.709852
       0.5   0.724644   0.705027   0.714701
      0.51   0.721342   0.707805    0.71451
      0.52   0.719067   0.713862   0.716455
      0.53   0.715229   0.719714   0.717465
      0.54    0.70684   0.726552    0.71656
      0.55   0.686047   0.732055   0.708305
      0.56   0.671367    0.72966   0.699301
      0.57   0.649547   0.722656   0.684154
      0.58   0.640132   0.720304   0.677856
      0.59   0.609834   0.710256   0.656226
       0.6   0.576503   0.703039   0.633514
      0.61    0.53438   0.688537   0.601742
      0.62   0.495292   0.668036   0.568839
      0.63   0.464326   0.653275   0.542828
      0.64   0.425148    0.62549   0.506218
      0.65   0.388782   0.596585   0.470772
      0.66   0.323145    0.54994   0.407086
      0.67   0.281246   0.513021   0.363316
      0.68   0.201999   0.428571    0.27458
      0.69   0.177681   0.387687    0.24368
       0.7   0.141672   0.336976   0.199478
      0.71   0.115122   0.257732   0.159154
      0.72  0.0970059   0.217865    0.13424
      0.73   0.066976   0.153846   0.093324
      0.74  0.0443532   0.118687  0.0645749
      0.75  0.0261925  0.0846561  0.0400069
      0.76    0.02472  0.0802139  0.0377931
      0.77 0.00731783  0.0679348  0.0132124
      0.78 0.00392664  0.0657534 0.00741073
      0.79 0.00392664  0.0668524 0.00741761
       0.8 0.00392664  0.0670391 0.00741875
      0.81 0.00392664  0.0670391 0.00741875
      0.82 0.00392664  0.0674157 0.00742105
      0.83 0.00392664  0.0674157 0.00742105
      0.84 0.00392664     0.0625 0.00738906
      0.85 0.00392664  0.0626781  0.0073903
      0.86 0.00392664  0.0635838 0.00739651
      0.87 0.00392664  0.0610465 0.00737867
      0.88 0.00392664  0.0615836 0.00738257
      0.89 0.00392664  0.0615836 0.00738257
       0.9 0.00392664  0.0615836 0.00738257
      0.91 0.00392664  0.0628743 0.00739166
      0.92  0.0038374  0.0600601 0.00721389
      0.93  0.0038374  0.0600601 0.00721389
      0.94  0.0038374   0.060241 0.00721519
      0.95  0.0038374  0.0606061 0.00721779
      0.96  0.0038374  0.0617284 0.00722562
      0.97 0.00379278  0.0607029 0.00713948
      0.98 0.00379278     0.0625 0.00715157
      0.99 0.00379278  0.0604027 0.00713739
