         0          1   0.361785    0.53134
      0.01   0.999969   0.349876   0.518379
      0.02   0.999969   0.351232   0.519865
      0.03   0.999969   0.353068   0.521874
      0.04   0.999938   0.354238   0.523146
      0.05   0.999938   0.354817   0.523778
      0.06   0.999906   0.356086   0.525155
      0.07   0.999906   0.357203   0.526368
      0.08   0.999626    0.35901   0.528288
      0.09   0.999563   0.361802   0.531296
       0.1    0.99791    0.36631   0.535903
      0.11   0.996163   0.373037   0.542807
      0.12   0.995009   0.379856   0.549814
      0.13   0.994167    0.39152   0.561795
      0.14   0.993013   0.399946   0.570227
      0.15   0.988085   0.413312   0.582829
      0.16   0.979788   0.424653   0.592506
      0.17   0.966064   0.443183    0.60762
      0.18   0.954991   0.457696   0.618815
      0.19    0.93849   0.478012   0.633405
       0.2   0.924735   0.489898   0.640486
      0.21   0.888366    0.50881   0.647033
      0.22   0.846663   0.526306    0.64911
      0.23    0.81675   0.540683   0.650644
      0.24   0.770462   0.558837   0.647804
      0.25   0.732002   0.569654   0.640704
      0.26   0.686307   0.586141   0.632281
      0.27   0.665346   0.605101   0.633795
      0.28   0.632377   0.627494   0.629926
      0.29   0.612789   0.642355   0.627223
       0.3   0.563631   0.651796   0.604516
      0.31   0.530256    0.66331   0.589367
      0.32   0.506425   0.670608   0.577066
      0.33   0.483063    0.67554   0.563314
      0.34   0.460792   0.681619   0.549863
      0.35   0.432782   0.685661   0.530634
      0.36   0.414972      0.688   0.517693
      0.37    0.38849   0.687281   0.496392
      0.38   0.376544   0.689114   0.486989
      0.39   0.347505   0.683816   0.460825
       0.4   0.330193    0.68871   0.446377
      0.41   0.313069   0.684669   0.429669
      0.42   0.292732   0.679624   0.409208
      0.43   0.279788   0.683103   0.396979
      0.44   0.263412   0.680836   0.379859
      0.45   0.253868   0.678494   0.369487
      0.46   0.241547   0.672769   0.355469
      0.47   0.232876   0.674121   0.346168
      0.48   0.226606   0.673623    0.33913
      0.49   0.224017   0.674699   0.336356
       0.5   0.217561   0.674503   0.329002
      0.51   0.205677   0.665094   0.314192
      0.52   0.195852   0.662083   0.302284
      0.53    0.18743   0.658787   0.291831
      0.54   0.180381    0.65812   0.283153
      0.55   0.168153   0.649321   0.267129
      0.56   0.164348    0.64133   0.261646
      0.57   0.160792   0.638083   0.256858
      0.58   0.158671   0.636122   0.253989
      0.59   0.150561   0.631579   0.243157
       0.6   0.146132   0.622975   0.236734
      0.61   0.135683   0.612342   0.222143
      0.62   0.130287   0.606061   0.214469
      0.63    0.12514        0.6   0.207089
      0.64   0.113163   0.579151   0.189331
      0.65   0.106737   0.567901     0.1797
      0.66  0.0985652   0.553571   0.167336
      0.67  0.0932938   0.541371    0.15916
      0.68  0.0828135   0.522788   0.142978
      0.69   0.074267   0.502874   0.129421
       0.7  0.0659701   0.471572   0.115748
      0.71  0.0518091   0.435484  0.0926015
      0.72  0.0459451        0.4  0.0824229
      0.73  0.0383656   0.324176  0.0686111
      0.74  0.0266376   0.262821  0.0483724
      0.75  0.0168434    0.19697  0.0310331
      0.76 0.00814099   0.115044  0.0152059
      0.77 0.00383656  0.0673077 0.00725933
      0.78 0.00346226  0.0582524 0.00653604
      0.79 0.00308796  0.0322581 0.00563637
       0.8 0.00218341  0.0116279 0.00367647
      0.81          0          0          0
      0.82          0          0          0
      0.83          0          0          0
      0.84          0          0          0
      0.85          0          0          0
      0.86          0          0          0
      0.87          0          0          0
      0.88          0          0          0
      0.89          0          0          0
       0.9          0          0          0
      0.91          0          0          0
      0.92          0          0          0
      0.93          0          0          0
      0.94          0          0          0
      0.95          0          0          0
      0.96          0          0          0
      0.97          0          0          0
      0.98          0          0          0
      0.99          0          0          0
