         0          1   0.298178   0.459379
      0.01   0.997242   0.234303   0.379453
      0.02   0.996924   0.233928   0.378938
      0.03   0.995227   0.232902    0.37747
      0.04   0.991514   0.233224   0.377624
      0.05   0.989711   0.234267   0.378858
      0.06   0.987006   0.237325   0.382644
      0.07   0.985733   0.240061   0.386094
      0.08   0.982021   0.245361   0.392623
      0.09   0.979422   0.249485   0.397672
       0.1   0.976823   0.257025   0.406968
      0.11   0.973482   0.266365    0.41828
      0.12   0.967383   0.272532   0.425259
      0.13   0.956828   0.285178   0.439397
      0.14    0.94813   0.296451   0.451677
      0.15   0.936144   0.315089   0.471485
      0.16    0.92315   0.328034   0.484061
      0.17   0.902731   0.346722   0.501014
      0.18    0.88157    0.36105    0.51229
      0.19   0.847892   0.380688   0.525456
       0.2   0.829966   0.393522     0.5339
      0.21   0.784726   0.410913   0.539384
      0.22   0.734818   0.425928   0.539274
      0.23   0.704641   0.436154   0.538803
      0.24   0.632458   0.451653   0.526979
      0.25    0.60366   0.464775   0.525191
      0.26   0.566958   0.485162   0.522881
      0.27    0.53747   0.494802   0.515254
      0.28   0.493344   0.509211   0.501152
      0.29   0.465129    0.51663   0.489528
       0.3   0.427579   0.531342   0.473847
      0.31   0.398303   0.536544   0.457202
      0.32   0.366799   0.538352   0.436319
      0.33   0.337947   0.541689   0.416223
      0.34   0.316043    0.54769   0.400804
      0.35   0.296102   0.553005   0.385689
      0.36   0.279289   0.551852   0.370879
      0.37   0.255423   0.552365   0.349316
      0.38   0.241527   0.545791   0.334867
      0.39    0.21554   0.538223   0.307811
       0.4   0.209387   0.548889   0.303136
      0.41   0.192999   0.556946   0.286661
      0.42   0.180854   0.554054   0.272695
      0.43   0.175232   0.554149   0.266266
      0.44   0.163829   0.565951   0.254102
      0.45   0.159056    0.57649   0.249323
      0.46   0.149297   0.580372   0.237499
      0.47   0.146327   0.589698   0.234473
      0.48    0.13991   0.607422   0.227434
      0.49   0.139698   0.622449   0.228184
       0.5   0.134712   0.629956    0.22196
      0.51   0.122567   0.638756   0.205669
      0.52   0.121506   0.660714   0.205264
      0.53   0.113392       0.68   0.194371
      0.54   0.110952   0.714286   0.192069
      0.55   0.105595   0.762238   0.185494
      0.56   0.103739   0.787879   0.183338
      0.57  0.0982233   0.807531   0.175143
      0.58   0.096314   0.828829   0.172574
      0.59  0.0815168    0.84375    0.14867
       0.6  0.0772739   0.857955   0.141778
      0.61  0.0680986   0.854167   0.126141
      0.62  0.0530894   0.814815  0.0996838
      0.63  0.0434368   0.839506  0.0825997
      0.64  0.0217449   0.764706  0.0422873
      0.65   0.014638   0.787879  0.0287421
      0.66 0.00827367   0.733333  0.0163627
      0.67  0.0065765   0.555556  0.0129991
      0.68 0.000212145       0.25 0.000423931
      0.69 0.000212145       0.25 0.000423931
       0.7          0          0          0
      0.71          0          0          0
      0.72          0          0          0
      0.73          0          0          0
      0.74          0          0          0
      0.75          0          0          0
      0.76          0          0          0
      0.77          0          0          0
      0.78          0          0          0
      0.79          0          0          0
       0.8          0          0          0
      0.81          0          0          0
      0.82          0          0          0
      0.83          0          0          0
      0.84          0          0          0
      0.85          0          0          0
      0.86          0          0          0
      0.87          0          0          0
      0.88          0          0          0
      0.89          0          0          0
       0.9          0          0          0
      0.91          0          0          0
      0.92          0          0          0
      0.93          0          0          0
      0.94          0          0          0
      0.95          0          0          0
      0.96          0          0          0
      0.97          0          0          0
      0.98          0          0          0
      0.99          0          0          0
