         0          1    0.48887   0.656699
      0.01   0.998142   0.454159   0.624272
      0.02   0.997482   0.462194   0.631689
      0.03   0.996822   0.467657   0.636637
      0.04   0.994792    0.47221   0.640423
      0.05   0.993008   0.473543   0.641276
      0.06   0.989536   0.476477   0.643229
      0.07   0.986284   0.481013   0.646652
      0.08   0.979756   0.490023     0.6533
      0.09   0.976505   0.502206   0.663289
       0.1   0.967972   0.520846   0.677268
      0.11   0.959782   0.543295   0.693836
      0.12   0.949978   0.560552   0.705066
      0.13   0.935309   0.590297   0.723791
      0.14   0.925114   0.612372   0.736935
      0.15   0.903208   0.649081   0.755342
      0.16   0.889296   0.673882   0.766747
      0.17    0.86651   0.710428   0.780745
      0.18   0.852501   0.734431   0.789074
      0.19   0.835118    0.76717   0.799703
       0.2   0.824776   0.786363   0.805112
      0.21   0.800425   0.815505   0.807895
      0.22   0.773874   0.837431   0.804399
      0.23   0.759547   0.854403   0.804188
      0.24   0.729231   0.880343   0.797694
      0.25   0.701482   0.891994   0.785349
      0.26   0.652731   0.910082   0.760217
      0.27   0.626546   0.918205   0.744842
      0.28   0.584152   0.927431   0.716813
      0.29   0.560975   0.932796    0.70061
       0.3   0.526649    0.94052   0.675211
      0.31   0.480025   0.942358   0.636053
      0.32    0.45279   0.944639   0.612157
      0.33   0.413525   0.946393    0.57556
      0.34   0.386045   0.945922   0.548314
      0.35   0.334409   0.938927    0.49317
      0.36   0.311158   0.935748   0.467021
      0.37   0.258056   0.931106   0.404112
      0.38   0.231725    0.92527   0.370629
      0.39   0.200675   0.923077   0.329678
       0.4   0.186715   0.921937   0.310538
      0.41   0.159234   0.919633   0.271464
      0.42   0.137671   0.918667   0.239456
      0.43    0.12706   0.922401   0.223353
      0.44   0.110312   0.915044   0.196889
      0.45   0.097648   0.920233   0.176561
      0.46    0.08315   0.926503   0.152604
      0.47  0.0738106   0.920673   0.136665
      0.48  0.0670627   0.914835   0.124965
      0.49  0.0633954    0.91875   0.118607
       0.5  0.0543983   0.916084   0.102698
      0.51  0.0479194   0.914634  0.0910676
      0.52   0.040487   0.918552  0.0775556
      0.53  0.0360863   0.910448   0.069421
      0.54  0.0334947   0.904762  0.0645979
      0.55  0.0302675    0.89881  0.0585628
      0.56  0.0282382   0.885135  0.0547304
      0.57  0.0245709   0.862903  0.0477813
      0.58  0.0233974   0.846847  0.0455367
      0.59  0.0206591   0.827957  0.0403124
       0.6  0.0185077   0.804878  0.0361833
      0.61  0.0141313   0.757576  0.0277451
      0.62 0.00953499   0.703704   0.018815
      0.63 0.00860594       0.68  0.0169968
      0.64 0.00569654   0.619048  0.0112892
      0.65 0.00469415   0.589744 0.00931416
      0.66 0.00398514   0.571429 0.00791507
      0.67 0.00369175     0.5625 0.00733536
      0.68 0.00369175   0.548387 0.00733413
      0.69 0.00369175   0.548387 0.00733413
       0.7 0.00266491        0.5 0.00530156
      0.71 0.00229818   0.461538 0.00457358
      0.72 0.000635666   0.416667 0.00126939
      0.73 0.000415628       0.35 0.000830269
      0.74 0.000415628       0.35 0.000830269
      0.75 0.000415628       0.35 0.000830269
      0.76 0.000415628       0.35 0.000830269
      0.77 0.000415628       0.35 0.000830269
      0.78 0.000342282   0.333333 0.000683861
      0.79 0.000342282      0.375 0.000683939
       0.8 0.000342282        0.5 0.000684095
      0.81 0.000342282        0.6 0.000684173
      0.82 0.000342282        0.6 0.000684173
      0.83 0.000342282        0.6 0.000684173
      0.84 0.000317833   0.555556 0.000635302
      0.85 0.000293384        0.5 0.000586424
      0.86 0.000293384   0.666667 0.00058651
      0.87 0.000244487       0.75 0.000488814
      0.88          0          0          0
      0.89          0          0          0
       0.9          0          0          0
      0.91          0          0          0
      0.92          0          0          0
      0.93          0          0          0
      0.94          0          0          0
      0.95          0          0          0
      0.96          0          0          0
      0.97          0          0          0
      0.98          0          0          0
      0.99          0          0          0
