         0          1   0.242084   0.389803
      0.01    0.99988   0.216114    0.35541
      0.02    0.99988   0.216093   0.355382
      0.03    0.99988   0.216011   0.355271
      0.04   0.999462   0.215672   0.354786
      0.05   0.998864   0.215308   0.354255
      0.06   0.998864   0.215753   0.354857
      0.07   0.998864   0.217119   0.356703
      0.08   0.998864   0.221889   0.363115
      0.09   0.998685   0.227187   0.370166
       0.1   0.998566   0.238275   0.384743
      0.11   0.998386   0.253705   0.404596
      0.12   0.998386   0.266771   0.421039
      0.13   0.997251   0.288777   0.447864
      0.14   0.995756   0.305565   0.467629
      0.15   0.991035    0.33236   0.497781
      0.16    0.98434   0.352159   0.518734
      0.17   0.970354   0.383257   0.549485
      0.18    0.95595   0.407341   0.571261
      0.19   0.933596   0.443206   0.601067
       0.2   0.919371   0.463771   0.616535
      0.21   0.897615   0.489882    0.63384
      0.22   0.860439   0.517842   0.646561
      0.23   0.837368   0.532924   0.651326
      0.24    0.79535   0.544043   0.646121
      0.25   0.766242   0.552762   0.642226
      0.26   0.716036   0.556642   0.626358
      0.27    0.68663   0.560069   0.616926
      0.28   0.623752   0.562446   0.591515
      0.29   0.576594   0.560488   0.568427
       0.3   0.513717   0.553559   0.532894
      0.31   0.440799   0.541991   0.486185
      0.32    0.40679    0.53604   0.462556
      0.33   0.366386   0.524434    0.43139
      0.34   0.335306   0.515267   0.406249
      0.35   0.308469   0.512648   0.385173
      0.36   0.296515   0.507058   0.374205
      0.37   0.257546   0.500885   0.340178
      0.38   0.243082   0.493482   0.325719
      0.39   0.227542   0.483311   0.309413
       0.4   0.213855   0.479556     0.2958
      0.41   0.192397   0.461367   0.271553
      0.42   0.183073   0.444099   0.259268
      0.43   0.167175   0.428687   0.240544
      0.44   0.154862   0.401384   0.223495
      0.45   0.144104   0.373394   0.207953
      0.46    0.12438   0.333333   0.181161
      0.47   0.104716   0.293501   0.154359
      0.48  0.0880999   0.258315   0.131389
      0.49  0.0718427   0.226744   0.109113
       0.5  0.0577371   0.198056  0.0894096
      0.51  0.0498476   0.166452  0.0767198
      0.52  0.0463212   0.154461  0.0712694
      0.53  0.0319766    0.13649  0.0518142
      0.54  0.0265973   0.127536  0.0440154
      0.55  0.0207399    0.11646  0.0352095
      0.56  0.0167354   0.113821  0.0291803
      0.57  0.0152412   0.112523   0.026846
      0.58  0.0138067   0.108108  0.0244862
      0.59  0.0130297   0.108225  0.0232591
       0.6   0.010878   0.115764  0.0198873
      0.61 0.00824816   0.132716  0.0155311
      0.62 0.00753093   0.152174  0.0143516
      0.63 0.00753093   0.177966  0.0144504
      0.64 0.00723208        0.2  0.0139594
      0.65 0.00723208   0.213018  0.0139892
      0.66 0.00723208   0.241379  0.0140434
      0.67 0.00723208   0.245902  0.0140509
      0.68 0.00615624   0.197917   0.011941
      0.69 0.00442293   0.153846 0.00859865
       0.7 0.00316777   0.166667 0.00621737
      0.71 0.00316777   0.183673 0.00622813
      0.72 0.00304823   0.195122 0.00600269
      0.73 0.00304823   0.242424 0.00602076
      0.74  0.0029287   0.206897 0.00577563
      0.75 0.00113562   0.130435 0.00225163
      0.76 0.000896539   0.133333  0.0017811
      0.77 0.000896539       0.25 0.00178667
      0.78 0.000896539   0.285714 0.00178747
      0.79 0.000896539   0.333333 0.00178827
       0.8 0.000896539        0.5 0.00178987
      0.81          0          0          0
      0.82          0          0          0
      0.83          0          0          0
      0.84          0          0          0
      0.85          0          0          0
      0.86          0          0          0
      0.87          0          0          0
      0.88          0          0          0
      0.89          0          0          0
       0.9          0          0          0
      0.91          0          0          0
      0.92          0          0          0
      0.93          0          0          0
      0.94          0          0          0
      0.95          0          0          0
      0.96          0          0          0
      0.97          0          0          0
      0.98          0          0          0
      0.99          0          0          0
