         0          1   0.319512   0.484288
      0.01   0.999788   0.297251   0.458256
      0.02   0.999788   0.297251   0.458256
      0.03   0.999788   0.297239   0.458242
      0.04   0.999788   0.297159   0.458147
      0.05   0.999575   0.297345   0.458346
      0.06    0.99908   0.298495   0.459657
      0.07   0.998514    0.29956    0.46086
      0.08   0.996603   0.301713   0.463197
      0.09   0.994975   0.303216   0.464789
       0.1   0.991719   0.303249   0.464472
      0.11   0.984146   0.301478   0.461564
      0.12    0.97813   0.300426   0.459668
      0.13   0.963692   0.298543   0.455863
      0.14   0.951023   0.296627   0.452208
      0.15   0.932055   0.294591   0.447684
      0.16    0.91981   0.291701   0.442934
      0.17   0.892845   0.286647   0.433969
      0.18   0.873947   0.285238   0.430101
      0.19   0.831906   0.280102   0.419096
       0.2   0.803029   0.278332   0.413384
      0.21   0.761342   0.277046   0.406258
      0.22   0.704084   0.273196   0.393649
      0.23   0.677472   0.271268   0.387412
      0.24   0.621205   0.266901   0.373379
      0.25   0.582207   0.261951   0.361329
      0.26   0.519994   0.255262   0.342428
      0.27   0.482695   0.251205   0.330442
      0.28   0.435841   0.245045    0.31371
      0.29    0.40201   0.241677   0.301875
       0.3   0.351334   0.234277   0.281106
      0.31     0.2899   0.226561   0.254346
      0.32    0.25982   0.219487   0.237957
      0.33   0.206172    0.20718   0.206675
      0.34   0.181188   0.204412   0.192101
      0.35   0.149338    0.20478   0.172719
      0.36   0.137802   0.205448   0.164959
      0.37   0.116498   0.199348   0.147057
      0.38  0.0963975   0.191657   0.128276
      0.39  0.0830207   0.185884   0.114778
       0.4  0.0650435   0.179151  0.0954371
      0.41  0.0605846   0.184502  0.0912166
      0.42  0.0494019   0.186896  0.0781473
      0.43  0.0461462   0.187573    0.07407
      0.44  0.0405549   0.173629   0.065752
      0.45  0.0358836   0.163611  0.0588583
      0.46  0.0301508   0.157321  0.0506033
      0.47  0.0232854   0.151667  0.0403725
      0.48   0.019322   0.146617  0.0341442
      0.49  0.0152877      0.144  0.0276409
       0.5  0.0130936   0.138322  0.0239227
      0.51 0.00863472   0.133858   0.016223
      0.52 0.00863472    0.13649  0.0162419
      0.53 0.00743152    0.12766  0.0140454
      0.54 0.00743152   0.126623  0.0140391
      0.55 0.00686531   0.133094  0.0130571
      0.56 0.00658221   0.134387  0.0125497
      0.57 0.00658221   0.136752  0.0125599
      0.58 0.00651143   0.144186  0.0124602
      0.59 0.00580367   0.137931  0.0111387
       0.6 0.00559134      0.125  0.0107039
      0.61 0.00559134   0.138158  0.0107477
      0.62  0.0048128      0.128 0.00927679
      0.63 0.00311416   0.113208 0.00606158
      0.64 0.00099087  0.0581395 0.00194853
      0.65 0.000707764  0.0434783 0.00139285
      0.66 0.000353882  0.0338983 0.000700452
      0.67 0.000353882       0.04 0.000701557
      0.68 0.000353882  0.0487805 0.000702667
      0.69 0.000353882  0.0571429 0.000703408
       0.7 0.000353882  0.0645161 0.000703903
      0.71 0.000353882  0.0666667 0.000704027
      0.72 0.000353882  0.0740741 0.000704399
      0.73 0.000353882  0.0909091 0.00070502
      0.74 0.000353882      0.125 0.000705766
      0.75 0.000353882   0.166667 0.000706265
      0.76 0.000353882        0.2 0.000706514
      0.77 0.000353882        0.2 0.000706514
      0.78 0.000353882       0.25 0.000706764
      0.79 0.000353882          1 0.000707514
       0.8 0.000353882          1 0.000707514
      0.81 0.000353882          1 0.000707514
      0.82          0          0          0
      0.83          0          0          0
      0.84          0          0          0
      0.85          0          0          0
      0.86          0          0          0
      0.87          0          0          0
      0.88          0          0          0
      0.89          0          0          0
       0.9          0          0          0
      0.91          0          0          0
      0.92          0          0          0
      0.93          0          0          0
      0.94          0          0          0
      0.95          0          0          0
      0.96          0          0          0
      0.97          0          0          0
      0.98          0          0          0
      0.99          0          0          0
