         0          1   0.384732   0.555677
      0.01   0.999714    0.37204   0.542275
      0.02   0.999714   0.372585   0.542853
      0.03   0.999714   0.374509   0.544892
      0.04   0.999714   0.375312   0.545742
      0.05   0.999714   0.376114   0.546589
      0.06   0.999484   0.381805   0.552539
      0.07   0.998625   0.387891    0.55875
      0.08    0.99473    0.39983   0.570392
      0.09   0.977486     0.4076   0.575305
       0.1   0.918252   0.420549   0.576889
      0.11   0.892014   0.438874   0.588302
      0.12   0.880156   0.454087   0.599092
      0.13   0.858272   0.475285   0.611783
      0.14   0.846528   0.490128   0.620814
      0.15   0.813588   0.513615   0.629702
      0.16   0.786492   0.528302   0.632046
      0.17   0.758478   0.551724   0.638788
      0.18   0.736538   0.566155   0.640204
      0.19   0.703655    0.59166   0.642816
       0.2   0.676501   0.603332   0.637825
      0.21   0.636343   0.614419   0.625189
      0.22   0.598992    0.61811     0.6084
      0.23   0.568229   0.619038   0.592546
      0.24    0.50739   0.609831   0.553914
      0.25   0.469753   0.602261   0.527817
      0.26   0.412065   0.581926   0.482482
      0.27   0.378838   0.569689   0.455063
      0.28   0.337993   0.553099   0.419583
      0.29   0.308146   0.537917   0.391832
       0.3   0.279961   0.520124   0.363997
      0.31   0.254812   0.502697   0.338196
      0.32   0.241522   0.498414   0.325374
      0.33   0.213909   0.480283    0.29599
      0.34   0.203884   0.468692   0.284158
      0.35   0.181313   0.452753   0.258932
      0.36   0.170658   0.442611   0.246336
      0.37   0.163611   0.436154   0.237959
      0.38   0.150665   0.420147   0.221794
      0.39   0.131989    0.39694   0.198105
       0.4   0.114631   0.379904    0.17612
      0.41   0.104434   0.374101   0.163285
      0.42  0.0975023   0.367893    0.15415
      0.43  0.0861595   0.357981   0.138891
      0.44  0.0798006   0.346734   0.129741
      0.45  0.0703483   0.334214   0.116231
      0.46  0.0611251   0.328691   0.103081
      0.47  0.0572296   0.319242  0.0970596
      0.48  0.0537351   0.306154  0.0914238
      0.49  0.0521884   0.291935  0.0885474
       0.5  0.0486366   0.279933  0.0828742
      0.51  0.0363199   0.264085  0.0638574
      0.52  0.0346013   0.257603   0.061008
      0.53  0.0273258   0.243902  0.0491456
      0.54  0.0220555   0.239382  0.0403896
      0.55  0.0190765      0.234  0.0352771
      0.56  0.0182745   0.229508  0.0338535
      0.57  0.0171288   0.227571  0.0318596
      0.58  0.0169569   0.219178  0.0314785
      0.59  0.0152383   0.191646  0.0282318
       0.6 0.00813474   0.168394  0.0155198
      0.61 0.00721815   0.155673  0.0137966
      0.62   0.006989   0.156334  0.0133798
      0.63 0.00641613   0.148352  0.0123003
      0.64 0.00624427   0.142857  0.0119655
      0.65 0.00624427    0.14121  0.0119597
      0.66 0.00515582   0.122024 0.00989361
      0.67 0.00515582    0.11976 0.00988604
      0.68 0.00446838   0.106707 0.00857757
      0.69 0.00446838   0.103976 0.00856852
       0.7 0.00383822  0.0883281 0.00735676
      0.71 0.00366636  0.0746753 0.00698955
      0.72 0.00326535       0.06 0.00619363
      0.73 0.00240605    0.04811  0.0045829
      0.74 0.00223419  0.0421053 0.00424322
      0.75 0.00211962  0.0362319 0.00400494
      0.76 0.00160403  0.0259259 0.00302115
      0.77 0.00160403  0.0261194 0.00302245
      0.78 0.00160403  0.0262172 0.00302311
      0.79 0.00160403  0.0227273 0.00299658
       0.8 0.00160403  0.0195313 0.00296459
      0.81 0.00114574   0.015873 0.00213721
      0.82 0.000687443 0.00803213 0.00126649
      0.83 0.000687443 0.00803213 0.00126649
      0.84 0.000687443 0.00806452 0.00126689
      0.85 0.000687443 0.00809717 0.00126729
      0.86 0.000687443 0.00813008 0.00126769
      0.87          0          0          0
      0.88          0          0          0
      0.89          0          0          0
       0.9          0          0          0
      0.91          0          0          0
      0.92          0          0          0
      0.93          0          0          0
      0.94          0          0          0
      0.95          0          0          0
      0.96          0          0          0
      0.97          0          0          0
      0.98          0          0          0
      0.99          0          0          0
