         0          1   0.289124   0.448559
      0.01   0.995976   0.243752   0.391652
      0.02   0.989624   0.244129   0.391644
      0.03   0.988412   0.251057   0.400409
      0.04   0.987199   0.260258    0.41192
      0.05   0.987199   0.267188   0.420552
      0.06   0.987054   0.280848   0.437277
      0.07   0.986715   0.292205   0.450885
      0.08   0.985696   0.311867   0.473821
      0.09   0.984581   0.326395   0.490265
       0.1    0.98332   0.349201   0.515379
      0.11    0.98206   0.371561   0.539139
      0.12   0.980411   0.385248   0.553142
      0.13   0.975659   0.403553   0.570949
      0.14   0.972896   0.416697   0.583484
      0.15   0.965574   0.438371   0.602986
      0.16   0.961404   0.451353   0.614306
      0.17   0.953064   0.468083   0.627821
      0.18   0.948652   0.482506   0.639665
      0.19   0.939633   0.498871   0.651727
       0.2   0.933621   0.510187   0.659813
      0.21   0.927463   0.526179   0.671433
      0.22   0.914808     0.5414   0.680228
      0.23   0.905547   0.550293   0.684575
      0.24   0.895025   0.565727   0.693259
      0.25   0.884988   0.577236   0.698726
      0.26   0.869085    0.59498   0.706373
      0.27   0.858902   0.605008   0.709938
      0.28   0.846441   0.622233   0.717223
      0.29   0.831943   0.630242   0.717181
       0.3   0.807215   0.642194    0.71531
      0.31   0.786656   0.653649   0.714011
      0.32   0.771819    0.66166   0.712507
      0.33   0.753055   0.670772   0.709536
      0.34   0.736375   0.674079   0.703851
      0.35   0.713295   0.679044   0.695748
      0.36   0.697246   0.681553    0.68931
      0.37   0.657438   0.687745    0.67225
      0.38   0.639789   0.692771   0.665227
      0.39   0.604781   0.700118   0.648967
       0.4   0.573458   0.703669   0.631926
      0.41   0.555615   0.710315   0.623512
      0.42   0.520268   0.715683   0.602527
      0.43   0.503249   0.715432   0.590869
      0.44   0.483708    0.71249   0.576221
      0.45   0.453792   0.706197   0.552534
      0.46   0.412481   0.697388   0.518366
      0.47   0.380382   0.693515   0.491296
      0.48   0.355654    0.68596   0.468435
      0.49   0.330489    0.67807   0.444386
       0.5   0.275844   0.668246   0.390496
      0.51   0.238169   0.651946   0.348884
      0.52   0.212131   0.637239   0.318303
      0.53   0.181439   0.621951   0.280925
      0.54    0.15768   0.603561   0.250038
      0.55   0.142552    0.57052   0.228109
      0.56   0.135522    0.55618   0.217939
      0.57   0.119424   0.514925   0.193882
      0.58   0.108854      0.484   0.177734
      0.59  0.0954228     0.4387    0.15675
       0.6  0.0901862   0.407233   0.147669
      0.61  0.0644395   0.345745   0.108632
      0.62  0.0504752     0.3138  0.0869623
      0.63  0.0472265   0.301961  0.0816786
      0.64  0.0460144    0.28903  0.0793896
      0.65  0.0424748   0.272321  0.0734875
      0.66  0.0373836   0.240291  0.0647013
      0.67  0.0330198   0.221374  0.0574678
      0.68   0.024486   0.202156  0.0436812
      0.69  0.0237102   0.193277  0.0422388
       0.7  0.0218192   0.181818  0.0389627
      0.71  0.0192979   0.161994  0.0344874
      0.72   0.017213   0.159091  0.0310648
      0.73  0.0107642   0.149153  0.0200792
      0.74  0.0107642   0.148276  0.0200712
      0.75   0.009455   0.136201  0.0176825
      0.76  0.0083398   0.134058  0.0157027
      0.77  0.0083398   0.135531  0.0157127
      0.78  0.0083398   0.134328  0.0157046
      0.79 0.00785493   0.132576  0.0148311
       0.8 0.00785493   0.132576  0.0148311
      0.81 0.00785493   0.132576  0.0148311
      0.82 0.00785493     0.1341  0.0148406
      0.83 0.00785493   0.131783  0.0148261
      0.84 0.00785493   0.133603  0.0148375
      0.85 0.00649728   0.112033  0.0122823
      0.86 0.00635182   0.110638  0.0120139
      0.87 0.00635182   0.103004  0.0119658
      0.88 0.00610939  0.0960699  0.0114882
      0.89 0.00610939  0.0973451  0.0114972
       0.9 0.00489721  0.0921659 0.00930025
      0.91 0.00489721  0.0930233 0.00930458
      0.92 0.00465477  0.0849057 0.00882569
      0.93 0.00465477  0.0865385 0.00883436
      0.94 0.00465477  0.0865385 0.00883436
      0.95 0.00281226  0.0825243 0.00543916
      0.96 0.00281226  0.0871795 0.00544875
      0.97 0.00281226  0.0913978 0.00545662
      0.98 0.00281226  0.0928962 0.00545925
      0.99 0.00281226  0.0960452 0.00546451
