         0          1   0.108911   0.196429
      0.01          1     0.1283   0.227421
      0.02          1     0.1283   0.227421
      0.03          1   0.128332   0.227472
      0.04          1   0.128984   0.228496
      0.05          1   0.130302   0.230562
      0.06          1   0.134018    0.23636
      0.07   0.999866    0.13732   0.241476
      0.08   0.999464   0.144025   0.251769
      0.09   0.998793   0.149924   0.260713
       0.1   0.998793   0.158758   0.273968
      0.11   0.997318   0.167902   0.287416
      0.12   0.996647   0.174929    0.29762
      0.13   0.988332   0.184888   0.311502
      0.14    0.98699   0.192639    0.32236
      0.15   0.983101   0.202142   0.335334
      0.16   0.981089    0.20592   0.340395
      0.17   0.972639   0.214183    0.35106
      0.18   0.962849   0.218253   0.355845
      0.19   0.940048   0.224553   0.362512
       0.2   0.918857   0.229319   0.367036
      0.21   0.902495   0.235593   0.373647
      0.22   0.864002   0.236059   0.370808
      0.23   0.841738   0.239646   0.373076
      0.24   0.788761   0.239432   0.367352
      0.25   0.749061   0.240214   0.363771
      0.26    0.70279    0.24791   0.366527
      0.27   0.665638   0.248911   0.362331
      0.28   0.558208   0.247854   0.343284
      0.29   0.532055   0.247611   0.337946
       0.3   0.445815   0.247881   0.318609
      0.31   0.389351   0.245833   0.301378
      0.32   0.353273   0.244823   0.289216
      0.33   0.315451   0.241943    0.27385
      0.34   0.277226   0.237677   0.255933
      0.35   0.239807   0.228786   0.234167
      0.36    0.20735   0.218661   0.212855
      0.37   0.194072   0.209907   0.201679
      0.38   0.184549   0.202614    0.19316
      0.39   0.152226   0.192525    0.17002
       0.4   0.136132   0.186441   0.157363
      0.41   0.115209   0.173365   0.138427
      0.42  0.0940182   0.159734   0.118367
      0.43   0.089324   0.149525   0.111838
      0.44  0.0819474   0.145161   0.104757
      0.45   0.068133   0.131725  0.0898121
      0.46  0.0508315   0.121648  0.0717018
      0.47  0.0498927   0.115347  0.0696561
      0.48  0.0441255   0.106186   0.062344
      0.49  0.0415773  0.0966702  0.0581462
       0.5  0.0388948  0.0866142  0.0536829
      0.51  0.0358101  0.0780312  0.0490912
      0.52  0.0319206  0.0719512  0.0442223
      0.53  0.0272264  0.0680359  0.0388899
      0.54  0.0238734   0.065073  0.0349315
      0.55  0.0217275  0.0621469   0.032198
      0.56  0.0202521  0.0557185  0.0297067
      0.57  0.0159603  0.0482866  0.0239908
      0.58  0.0140826  0.0425532  0.0211619
      0.59  0.0126073  0.0384615  0.0189899
       0.6 0.00804721  0.0247148  0.0121412
      0.61 0.00724249  0.0227273  0.0109845
      0.62 0.00630365  0.0228311 0.00987955
      0.63 0.00630365  0.0221675 0.00981598
      0.64 0.00630365  0.0245232  0.0100293
      0.65 0.00362124  0.0212121 0.00618638
      0.66 0.00362124  0.0245614 0.00631189
      0.67 0.00362124  0.0275591 0.00640135
      0.68 0.00362124   0.030837 0.00648137
      0.69 0.00362124  0.0331754 0.00652974
       0.7 0.00362124  0.0374332 0.00660366
      0.71 0.00362124  0.0402299  0.0066444
      0.72 0.00362124  0.0432099 0.00668246
      0.73 0.00362124   0.047619 0.00673065
      0.74 0.00362124  0.0451128 0.00670433
      0.75 0.00362124  0.0431034 0.00668118
      0.76 0.00362124  0.0392157 0.00663024
      0.77 0.000670601  0.0337079 0.00131504
      0.78 0.000670601  0.0428571 0.00132054
      0.79 0.000670601  0.0526316 0.00132433
       0.8 0.000670601  0.0681818 0.00132814
      0.81 0.000670601  0.0810811  0.0013302
      0.82 0.000670601       0.12 0.00133375
      0.83 0.000670601       0.15 0.00133523
      0.84 0.000670601   0.230769 0.00133732
      0.85 0.000670601        0.3 0.00133821
      0.86 0.000670601   0.333333 0.00133851
      0.87 0.000670601        0.4 0.00133896
      0.88 0.00013412   0.333333 0.000268132
      0.89          0          0          0
       0.9          0          0          0
      0.91          0          0          0
      0.92          0          0          0
      0.93          0          0          0
      0.94          0          0          0
      0.95          0          0          0
      0.96          0          0          0
      0.97          0          0          0
      0.98          0          0          0
      0.99          0          0          0
