         0          1   0.354609   0.523559
      0.01   0.996217   0.317297   0.481299
      0.02   0.996217   0.317418   0.481438
      0.03   0.996217   0.317873   0.481961
      0.04   0.996217   0.320183   0.484613
      0.05   0.996217   0.322228   0.486951
      0.06   0.996015   0.325024   0.490113
      0.07   0.995935   0.327353   0.492746
      0.08   0.995814   0.332348   0.498368
      0.09   0.995412    0.33723   0.503786
       0.1   0.993158   0.345309   0.512447
      0.11   0.991709   0.354716   0.522532
      0.12   0.988448   0.361471   0.529358
      0.13   0.984423   0.372691   0.540685
      0.14   0.982854   0.380469   0.548579
      0.15   0.978185    0.39264   0.560356
      0.16   0.974884   0.400819   0.568076
      0.17   0.968605    0.41224   0.578338
      0.18   0.960153   0.420433   0.584795
      0.19   0.954196   0.432023   0.594761
       0.2   0.951057   0.440541   0.602156
      0.21   0.946307   0.454005   0.613617
      0.22   0.933548    0.46925   0.624562
      0.23   0.924935   0.479789    0.63183
      0.24   0.911853   0.494179   0.640979
      0.25   0.900865   0.503079   0.645618
      0.26   0.882029   0.517698   0.652448
      0.27   0.865043   0.526126   0.654301
      0.28   0.836909   0.541424   0.657494
      0.29    0.82423   0.549054   0.659073
       0.3   0.806923   0.565554   0.665014
      0.31   0.787442   0.575642   0.665087
      0.32   0.768163   0.584234   0.663691
      0.33   0.740994    0.59651   0.660948
      0.34   0.712377   0.604906   0.654257
      0.35   0.682391   0.613612   0.646176
      0.36   0.665124   0.620592   0.642087
      0.37    0.63703   0.626832    0.63189
      0.38   0.607889    0.63064   0.619056
      0.39   0.583176   0.638198   0.609447
       0.4   0.563936   0.640536     0.5998
      0.41    0.53866   0.647823   0.588219
      0.42   0.510042   0.653321   0.572859
      0.43   0.493017   0.653145   0.561895
      0.44   0.463272   0.653595   0.542217
      0.45   0.444757   0.651906   0.528768
      0.46   0.422419   0.654345   0.513405
      0.47   0.403783   0.648056   0.497556
      0.48   0.380358   0.645946   0.478788
      0.49   0.359509    0.64347   0.461292
       0.5   0.329483   0.630865   0.432883
      0.51   0.294506   0.609728   0.397173
      0.52   0.278728   0.597395   0.380108
      0.53   0.241578   0.569454   0.339241
      0.54   0.222338   0.545926   0.315986
      0.55   0.189052   0.502099   0.274681
      0.56   0.171946   0.472875   0.252191
      0.57   0.133709   0.409836   0.201635
      0.58   0.115315   0.377875   0.176705
      0.59   0.088227   0.331347    0.13935
       0.6  0.0796539   0.316049    0.12724
      0.61   0.064681   0.289855   0.105761
      0.62  0.0505132   0.265193  0.0848621
      0.63  0.0476957    0.25641  0.0804303
      0.64  0.0416583   0.239098  0.0709541
      0.65  0.0396056   0.235385  0.0678027
      0.66  0.0336889   0.224165  0.0585748
      0.67  0.0310324   0.223663  0.0545027
      0.68  0.0300664   0.224662  0.0530352
      0.69  0.0269672   0.224014  0.0481393
       0.7   0.024351   0.217391  0.0437961
      0.71   0.023063   0.228216  0.0418924
      0.72    0.01936   0.217672  0.0355575
      0.73  0.0170256   0.208333  0.0314786
      0.74  0.0169853   0.211538  0.0314457
      0.75  0.0123969   0.208437  0.0234019
      0.76  0.0123969     0.2075   0.023396
      0.77  0.0109479   0.208763  0.0208047
      0.78  0.0109479    0.21039  0.0208127
      0.79  0.0109479    0.21372  0.0208288
       0.8  0.0109479   0.212202  0.0208215
      0.81  0.0107869      0.208  0.0205101
      0.82  0.0102636   0.207547    0.01956
      0.83  0.0102636   0.207547    0.01956
      0.84 0.00978064    0.20436  0.0186678
      0.85 0.00978064    0.20436  0.0186678
      0.86 0.00978064    0.20274   0.018661
      0.87 0.00970014   0.198347  0.0184957
      0.88 0.00970014   0.196629  0.0184882
      0.89 0.00921715   0.195467  0.0176042
       0.9  0.0090964   0.194767   0.017381
      0.91  0.0087744   0.187683   0.016765
      0.92  0.0087744   0.188791  0.0167694
      0.93  0.0086134     0.1875  0.0164702
      0.94  0.0086134    0.18806  0.0164723
      0.95 0.00829141   0.186747  0.0158779
      0.96 0.00829141   0.187117  0.0158792
      0.97 0.00825116   0.188088  0.0158088
      0.98 0.00792916   0.187302  0.0152142
      0.99 0.00792916   0.185065  0.0152068
