         0          1   0.308236   0.471224
      0.01   0.998642   0.290046    0.44953
      0.02   0.998642   0.314213   0.478022
      0.03   0.998642   0.350846   0.519263
      0.04   0.998239   0.367097   0.536792
      0.05   0.998239    0.37204   0.542057
      0.06   0.998139   0.379908   0.550345
      0.07   0.997636   0.386264   0.556906
      0.08   0.996781    0.39532   0.566119
      0.09   0.995473   0.401744    0.57246
       0.1   0.993058   0.413461    0.58384
      0.11   0.992354   0.423789   0.593936
      0.12   0.991751   0.430905   0.600778
      0.13   0.990694   0.439449   0.608834
      0.14   0.987928   0.444118   0.612769
      0.15   0.981439   0.449839   0.616916
      0.16   0.977767   0.452905    0.61906
      0.17   0.967254   0.456139   0.619931
      0.18   0.959155   0.458999   0.620879
      0.19   0.943561   0.462183   0.620451
       0.2   0.938129   0.465919   0.622617
      0.21   0.917606   0.466182   0.618261
      0.22    0.88501   0.467442   0.611764
      0.23   0.867757   0.469531   0.609351
      0.24    0.85171   0.473999   0.609047
      0.25   0.837726   0.473765   0.605243
      0.26   0.804225   0.472612   0.595356
      0.27    0.79336   0.472634   0.592371
      0.28   0.766298   0.470524   0.583045
      0.29   0.746177   0.470998   0.577481
       0.3   0.703068   0.469997   0.563379
      0.31   0.661268   0.467631   0.547842
      0.32   0.642254   0.468291   0.541647
      0.33   0.589487   0.467552   0.521486
      0.34   0.555282   0.466761   0.507188
      0.35    0.51328   0.460606   0.485518
      0.36    0.49502   0.457616   0.475584
      0.37   0.448441    0.45504   0.451716
      0.38   0.418511   0.456288   0.436584
      0.39   0.376962   0.460267    0.41447
       0.4   0.345372   0.460484   0.394707
      0.41   0.317404   0.464387   0.377079
      0.42   0.293813   0.468238   0.361063
      0.43   0.282897   0.474503   0.354464
      0.44   0.265694   0.479825   0.342008
      0.45   0.252163   0.481383   0.330959
      0.46   0.232897   0.478391    0.31328
      0.47    0.21665   0.473684   0.297316
      0.48   0.188229   0.461481   0.267394
      0.49   0.173441   0.452209    0.25072
       0.5   0.155785    0.43705   0.229695
      0.51   0.142606   0.421748   0.213142
      0.52   0.132344   0.410793   0.200193
      0.53   0.115795   0.398718   0.179469
      0.54   0.105332    0.38646   0.165544
      0.55  0.0841046    0.37299   0.137259
      0.56  0.0692656   0.357401   0.116042
      0.57  0.0565895   0.335498  0.0968441
      0.58    0.05166   0.329356  0.0893113
      0.59  0.0367706   0.316239   0.065881
       0.6  0.0322435   0.340836  0.0589136
      0.61  0.0278169   0.352727  0.0515671
      0.62   0.022334   0.345992  0.0419595
      0.63  0.0218813   0.341121  0.0411246
      0.64  0.0158451   0.331551  0.0302447
      0.65  0.0149396   0.313953   0.028522
      0.66    0.01167    0.29375  0.0224482
      0.67    0.01167   0.290323  0.0224381
      0.68  0.0107143   0.292517  0.0206714
      0.69 0.00930584   0.255474  0.0179576
       0.7 0.00905433   0.259542  0.0174982
      0.71 0.00855131       0.25   0.016537
      0.72  0.0083501      0.248  0.0161562
      0.73 0.00684105   0.235294  0.0132955
      0.74 0.00633803   0.224138  0.0123275
      0.75 0.00508048   0.196262 0.00990457
      0.76 0.00508048   0.216495 0.00992799
      0.77 0.00467807   0.215054 0.00915695
      0.78 0.00467807   0.204545 0.00914694
      0.79 0.00447686   0.182927 0.00873983
       0.8 0.00301811       0.16 0.00592446
      0.81  0.0028672   0.147059 0.00562474
      0.82 0.00256539   0.135593 0.00503551
      0.83 0.00246479      0.125 0.00483425
      0.84 0.00196177   0.105263 0.00385176
      0.85 0.00196177   0.115385 0.00385795
      0.86 0.00196177        0.2 0.00388543
      0.87 0.00135815   0.166667 0.00269434
      0.88 0.00135815   0.333333 0.00270528
      0.89          0          0          0
       0.9          0          0          0
      0.91          0          0          0
      0.92          0          0          0
      0.93          0          0          0
      0.94          0          0          0
      0.95          0          0          0
      0.96          0          0          0
      0.97          0          0          0
      0.98          0          0          0
      0.99          0          0          0
