         0          1   0.363236   0.532903
      0.01          1   0.339234   0.506608
      0.02          1   0.339234   0.506608
      0.03          1   0.339234   0.506608
      0.04          1   0.339281   0.506662
      0.05          1   0.339425   0.506822
      0.06          1   0.340046   0.507514
      0.07          1   0.340853   0.508412
      0.08          1   0.343034   0.510835
      0.09          1   0.345099    0.51312
       0.1   0.999957   0.348732    0.51712
      0.11   0.999828   0.352353   0.521073
      0.12   0.999182   0.354783   0.523637
      0.13   0.995522   0.358401   0.527055
      0.14   0.991776   0.360864   0.529182
      0.15   0.975545   0.362618   0.528711
      0.16   0.959873   0.365014   0.528901
      0.17   0.924783   0.369925   0.528459
      0.18   0.894558   0.373039   0.526516
      0.19   0.845518   0.377668    0.52212
       0.2   0.801602   0.383297   0.518612
      0.21   0.723456   0.392144   0.508603
      0.22   0.658185   0.409682   0.505019
      0.23   0.616766   0.423976   0.502515
      0.24   0.561913   0.445457   0.496954
      0.25   0.530612   0.462689   0.494328
      0.26   0.491647    0.48699   0.489307
      0.27   0.467278    0.50701   0.486334
      0.28   0.427667   0.530812    0.47369
      0.29   0.397055    0.54488   0.459368
       0.3   0.358779   0.568468   0.439914
      0.31   0.331439   0.589323   0.424267
      0.32   0.317489   0.597841   0.414731
      0.33   0.294842   0.606061   0.396696
      0.34   0.277146   0.604958   0.380141
      0.35   0.269052   0.606842   0.372812
      0.36   0.259321   0.603258   0.362721
      0.37   0.250151   0.595861   0.352371
      0.38   0.240851   0.583753   0.341006
      0.39   0.229527   0.565073   0.326453
       0.4    0.22492   0.551132   0.319465
      0.41   0.211186   0.527126   0.301557
      0.42   0.192198   0.498042   0.277361
      0.43    0.17136   0.477796   0.252251
      0.44    0.14966   0.445815   0.224092
      0.45    0.13472    0.42792   0.204924
      0.46   0.115948   0.402885   0.180072
      0.47  0.0987256   0.385458   0.157191
      0.48  0.0806854   0.371926   0.132604
      0.49  0.0773271    0.36722   0.127753
       0.5  0.0675967   0.354873   0.113562
      0.51  0.0607939   0.346609   0.103444
      0.52  0.0582967   0.342733  0.0996446
      0.53  0.0525273   0.337363  0.0909013
      0.54  0.0525273   0.336273  0.0908617
      0.55   0.051494   0.332961  0.0891938
      0.56   0.046801   0.329186  0.0819509
      0.57  0.0443469   0.326484   0.078087
      0.58  0.0437871    0.32721  0.0772383
      0.59  0.0430983   0.327125  0.0761622
       0.6  0.0426677   0.326675  0.0754772
      0.61  0.0423663   0.326946  0.0750124
      0.62  0.0422802   0.328867  0.0749275
      0.63  0.0419358   0.330456  0.0744266
      0.64  0.0411608   0.329588  0.0731821
      0.65  0.0408594   0.330402  0.0727252
      0.66  0.0407302    0.32956  0.0725002
      0.67  0.0407302   0.330808  0.0725303
      0.68  0.0407302   0.330798    0.07253
      0.69  0.0407302   0.329098   0.072489
       0.7  0.0407302   0.329936  0.0725093
      0.71  0.0407302   0.329936  0.0725093
      0.72  0.0407302   0.329936  0.0725093
      0.73  0.0407302   0.328205  0.0724673
      0.74  0.0407302   0.329472   0.072498
      0.75  0.0407302   0.328999  0.0724866
      0.76  0.0407302   0.330709  0.0725279
      0.77  0.0404719   0.320805  0.0718761
      0.78  0.0402997   0.317073  0.0715104
      0.79  0.0389219   0.308864   0.069132
       0.8  0.0385775   0.304775  0.0684862
      0.81  0.0377164   0.301153   0.067037
      0.82  0.0368552    0.29142  0.0654351
      0.83  0.0363816   0.287443  0.0645883
      0.84  0.0351761   0.277865  0.0624468
      0.85  0.0344011   0.274637  0.0611434
      0.86  0.0328942   0.273345  0.0587218
      0.87  0.0322053   0.274336  0.0576436
      0.88  0.0316025   0.278095  0.0567554
      0.89  0.0304831   0.282869  0.0550353
       0.9  0.0295359   0.288503  0.0535858
      0.91  0.0279428   0.294686  0.0510454
      0.92  0.0269956   0.289003  0.0493788
      0.93  0.0248859   0.295455  0.0459052
      0.94  0.0237665   0.305136  0.0440982
      0.95  0.0227762   0.323024  0.0425521
      0.96  0.0202359   0.343629  0.0382211
      0.97  0.0201929   0.374468  0.0383194
      0.98  0.0201929   0.377193  0.0383336
      0.99  0.0189443   0.382353  0.0360999
