         0          1   0.164811   0.282983
      0.01          1   0.152676   0.264907
      0.02          1   0.152735   0.264996
      0.03          1     0.1531   0.265546
      0.04          1   0.153864   0.266694
      0.05          1   0.154619   0.267826
      0.06   0.999714   0.155988   0.269868
      0.07   0.999714   0.157827   0.272616
      0.08   0.999619   0.162941   0.280207
      0.09   0.999428   0.167477    0.28688
       0.1   0.997999   0.176227   0.299558
      0.11    0.99657   0.188735   0.317366
      0.12   0.994475     0.1986   0.331082
      0.13   0.988282   0.215238    0.35349
      0.14   0.983233   0.225593   0.366985
      0.15   0.967324   0.243785   0.389426
      0.16   0.950653   0.253662   0.400468
      0.17   0.926455   0.269826   0.417931
      0.18   0.903973   0.279857   0.427398
      0.19   0.857674   0.296709   0.440892
       0.2   0.820044   0.307552   0.447334
      0.21   0.771935    0.32208   0.454518
      0.22   0.726684   0.331454   0.455257
      0.23   0.692769   0.346119    0.46161
      0.24   0.632466   0.352782   0.452927
      0.25   0.597218   0.350484   0.441733
      0.26   0.552634    0.34809   0.427137
      0.27   0.522911   0.352309   0.420983
      0.28    0.47766   0.331489   0.391372
      0.29   0.436696   0.314703   0.365796
       0.3   0.382871   0.275145    0.32019
      0.31   0.327332    0.23502   0.273599
      0.32   0.295227    0.21075   0.245936
      0.33   0.220444   0.174213   0.194621
      0.34   0.211108   0.163477   0.184264
      0.35   0.159284   0.134483   0.145836
      0.36   0.137182   0.123324   0.129885
      0.37  0.0988854   0.106805   0.102693
      0.38  0.0916452   0.101563  0.0963493
      0.39  0.0702105  0.0921053  0.0796812
       0.4  0.0636372   0.088843  0.0741568
      0.41  0.0596361  0.0846561  0.0699769
      0.42  0.0483948  0.0795207  0.0601708
      0.43  0.0461084  0.0754717  0.0572442
      0.44  0.0351529  0.0678161  0.0463039
      0.45   0.026579  0.0613932  0.0370974
      0.46  0.0194341  0.0577889  0.0290866
      0.47  0.0164809  0.0544747  0.0253057
      0.48  0.0150519  0.0546667  0.0236046
      0.49  0.0150519  0.0560109  0.0237275
       0.5 0.00552539  0.0550071  0.0100421
      0.51 0.00552539  0.0566038   0.010068
      0.52 0.00552539  0.0573529  0.0100797
      0.53 0.00552539  0.0569715  0.0100738
      0.54 0.00552539  0.0566616  0.0100689
      0.55 0.00457274  0.0521327 0.00840798
      0.56 0.00457274     0.0528 0.00841656
      0.57 0.00457274  0.0543657 0.00843592
      0.58 0.00457274  0.0553691  0.0084478
      0.59 0.00457274  0.0561224 0.00845646
       0.6 0.00457274   0.056314 0.00845862
      0.61 0.00457274  0.0566038 0.00846188
      0.62 0.00457274  0.0569948 0.00846622
      0.63  0.0043822  0.0561404 0.00812981
      0.64  0.0043822  0.0571429 0.00814015
      0.65  0.0043822  0.0578662 0.00814741
      0.66  0.0043822  0.0590406 0.00815883
      0.67  0.0043822  0.0608365 0.00817551
      0.68  0.0043822  0.0621359 0.00818701
      0.69  0.0043822  0.0636183  0.0081996
       0.7  0.0043822  0.0659794 0.00821855
      0.71  0.0043822  0.0686695 0.00823865
      0.72  0.0043822  0.0712695 0.00825672
      0.73  0.0043822  0.0740741 0.00827487
      0.74  0.0043822  0.0778589  0.0082974
      0.75  0.0043822  0.0815789 0.00831761
      0.76  0.0043822  0.0844687 0.00833214
      0.77  0.0043822  0.0857143 0.00833812
      0.78 0.00409641  0.0760234 0.00777393
      0.79 0.00409641  0.0828025 0.00780661
       0.8 0.00409641  0.0875421 0.00782658
      0.81 0.00409641   0.093633 0.00784941
      0.82 0.00409641   0.104167 0.00788282
      0.83 0.00409641   0.112676 0.00790541
      0.84 0.00371535   0.113636 0.00719544
      0.85 0.00295322   0.109677 0.00575158
      0.86 0.00266743   0.110236 0.00520882
      0.87 0.00190531       0.09 0.00373161
      0.88 0.00123845   0.108108 0.00244885
      0.89 0.000952653  0.0895522 0.00188525
       0.9 0.000952653  0.0701754 0.00187979
      0.91 0.000952653     0.0625  0.0018767
      0.92 0.000476327  0.0238095 0.000933968
      0.93          0          0          0
      0.94          0          0          0
      0.95          0          0          0
      0.96          0          0          0
      0.97          0          0          0
      0.98          0          0          0
      0.99          0          0          0
