         0          1   0.317058   0.481463
      0.01   0.998874   0.296341   0.457079
      0.02   0.998874   0.296372   0.457115
      0.03   0.998874   0.296437   0.457192
      0.04   0.998776   0.297035   0.457894
      0.05   0.998287   0.298059   0.459057
      0.06   0.996965   0.301179   0.462607
      0.07   0.996182   0.303126   0.464815
      0.08   0.994909   0.307443   0.469732
      0.09   0.994811   0.311411   0.474338
       0.1   0.994028   0.317222   0.480957
      0.11   0.992511   0.325033   0.489698
      0.12   0.990259   0.330902   0.496046
      0.13   0.986049   0.341777    0.50761
      0.14   0.982672   0.349306   0.515403
      0.15   0.976504   0.361768   0.527946
      0.16   0.972001   0.368595     0.5345
      0.17   0.962651   0.377207   0.542026
      0.18   0.950903   0.382331    0.54538
      0.19   0.934309   0.390907   0.551197
       0.2   0.926085   0.396657   0.555419
      0.21   0.905037   0.403238   0.557903
      0.22   0.885408    0.41306    0.56332
      0.23   0.871506       0.42   0.566831
      0.24   0.851094   0.427113   0.568786
      0.25   0.831122   0.431948   0.568459
      0.26   0.811983   0.438861   0.569772
      0.27   0.801018   0.443353   0.570785
      0.28   0.770278   0.451817   0.569554
      0.29   0.757453   0.455271   0.568713
       0.3   0.732537    0.45979   0.564968
      0.31   0.693671   0.464876   0.556682
      0.32   0.673846   0.472349   0.555386
      0.33   0.645504   0.480008   0.550589
      0.34   0.628371   0.487913   0.549305
      0.35   0.603456   0.495325    0.54407
      0.36   0.588135   0.498925   0.539869
      0.37   0.563806   0.506173   0.533437
      0.38   0.550835   0.509373   0.529293
      0.39   0.530569    0.51408   0.522195
       0.4   0.513535   0.519806   0.516652
      0.41   0.481815   0.523576   0.501828
      0.42   0.455921   0.527189   0.488972
      0.43   0.446571   0.531435   0.485321
      0.44   0.421655   0.531721   0.470335
      0.45   0.409516   0.534835    0.46386
      0.46   0.394292   0.538185   0.455137
      0.47   0.373293   0.535765    0.44001
      0.48   0.345979   0.532143   0.419327
      0.49    0.33149   0.526089    0.40671
       0.5   0.313329   0.514118   0.389362
      0.51   0.283176    0.49522   0.360316
      0.52   0.272945   0.485868   0.349534
      0.53   0.251554   0.465984   0.326729
      0.54   0.240883   0.446708    0.31299
      0.55   0.209702   0.422428   0.280271
      0.56    0.19208   0.402154   0.259984
      0.57    0.16971     0.3861   0.235782
      0.58   0.160801   0.379899   0.225959
      0.59   0.140976   0.359957   0.202603
       0.6    0.13006   0.345062   0.188915
      0.61   0.116207   0.316646   0.170019
      0.62  0.0941798   0.291156   0.142323
      0.63  0.0867394   0.268786   0.131154
      0.64   0.071467   0.243328   0.110484
      0.65   0.064663   0.225753   0.100531
      0.66  0.0531108   0.190826  0.0830946
      0.67  0.0483137      0.175  0.0757221
      0.68  0.0354398   0.157143  0.0578361
      0.69  0.0295169   0.148305  0.0492347
       0.7  0.0232513   0.141573  0.0399426
      0.71  0.0230065   0.143198  0.0396438
      0.72  0.0193353   0.130435  0.0336782
      0.73  0.0169367   0.112045  0.0294255
      0.74  0.0125312  0.0733945  0.0214074
      0.75  0.0037202  0.0364238 0.00675089
      0.76   0.000979  0.0307167 0.00189752
      0.77   0.000979  0.0322581 0.00190033
      0.78   0.000979  0.0332103 0.00190193
      0.79 0.00073425   0.030888  0.0014344
       0.8 0.00073425   0.031746  0.0014353
      0.81  0.0006853  0.0286885 0.00133862
      0.82  0.0006853  0.0294118 0.00133939
      0.83  0.0006853  0.0255319 0.00133477
      0.84  0.0006853  0.0266667 0.00133626
      0.85  0.0006853  0.0267857 0.00133641
      0.86  0.0006853  0.0283019  0.0013382
      0.87  0.0006853  0.0285714  0.0013385
      0.88  0.0006853  0.0295567 0.00133954
      0.89  0.0006853      0.025 0.00133403
       0.9  0.0006853  0.0257732  0.0013351
      0.91  0.0006853   0.026455 0.00133599
      0.92  0.0006853   0.027027 0.00133671
      0.93  0.0006853  0.0282486 0.00133814
      0.94  0.0006853  0.0289017 0.00133885
      0.95  0.0006853  0.0308642 0.00134083
      0.96 0.00063635  0.0261438 0.00124246
      0.97 0.00063635   0.027972 0.00124439
      0.98 0.00063635  0.0289855 0.00124536
      0.99 0.00063635  0.0298507 0.00124614
