         0          1    0.28722   0.446264
      0.01   0.999694   0.280054   0.437537
      0.02   0.999694   0.280662   0.438278
      0.03   0.999541   0.282479   0.440476
      0.04   0.999438   0.288837   0.448157
      0.05    0.99806   0.296495   0.457176
      0.06   0.994436   0.306933   0.469083
      0.07   0.990658   0.313937   0.476783
      0.08   0.980142   0.325875   0.489127
      0.09   0.970953   0.334007   0.497035
       0.1   0.955945   0.343157   0.505024
      0.11   0.948747   0.354458   0.516099
      0.12   0.939405   0.361504   0.522094
      0.13   0.925315   0.371615   0.530269
      0.14   0.917964   0.378205   0.535699
      0.15   0.906223   0.384894   0.540307
      0.16   0.899229   0.387701   0.541804
      0.17   0.879575    0.39262   0.542902
      0.18   0.869519   0.393455   0.541763
      0.19   0.848895   0.396261   0.540308
       0.2   0.834703     0.3995   0.540371
      0.21   0.821941    0.40271   0.540569
      0.22   0.799275   0.404654    0.53729
      0.23   0.784726   0.404464   0.533798
      0.24   0.765634   0.403838   0.528772
      0.25   0.758079   0.404937   0.527893
      0.26   0.729746   0.400182   0.516903
      0.27   0.714483   0.397733   0.511004
      0.28    0.68906   0.397533   0.504189
      0.29   0.661034   0.396211   0.495456
       0.3   0.638573   0.400466   0.492237
      0.31   0.607433   0.398325   0.481141
      0.32   0.588034    0.39698   0.473978
      0.33    0.55521   0.397293   0.463161
      0.34   0.528664   0.396879   0.453389
      0.35   0.492726   0.398213   0.440456
      0.36    0.47445   0.400653    0.43444
      0.37   0.439788   0.403613   0.420924
      0.38   0.413344   0.399944   0.406534
      0.39   0.389402   0.400432    0.39484
       0.4   0.362448   0.399735    0.38018
      0.41   0.320333   0.397015   0.354575
      0.42   0.283629   0.394515   0.330006
      0.43   0.261218   0.390747   0.313115
      0.44   0.232375   0.384853    0.28978
      0.45   0.210322   0.384395   0.271883
      0.46   0.180203   0.387032    0.24591
      0.47   0.161877   0.399086   0.230328
      0.48   0.140028   0.405995   0.208235
      0.49   0.129767   0.420082   0.198282
       0.5   0.117413   0.433249   0.184756
      0.51   0.098882   0.435055   0.161139
      0.52   0.091582   0.434938   0.151305
      0.53  0.0771862   0.409302    0.12988
      0.54  0.0621778    0.38961   0.107241
      0.55  0.0505896   0.353474  0.0885114
      0.56  0.0450253    0.34202  0.0795749
      0.57  0.0326714   0.313433  0.0591746
      0.58  0.0315483   0.290196  0.0569098
      0.59  0.0273112   0.273109  0.0496568
       0.6  0.0248098   0.244541  0.0450492
      0.61  0.0149574   0.227273  0.0280676
      0.62  0.0149574   0.226852  0.0280643
      0.63  0.0149574   0.228972  0.0280804
      0.64  0.0147532   0.225962  0.0276979
      0.65  0.0147532   0.233831  0.0277552
      0.66  0.0143448   0.230769  0.0270106
      0.67  0.0142427   0.223404  0.0267782
      0.68  0.0138853   0.216667  0.0260982
      0.69  0.0138853   0.216667  0.0260982
       0.7  0.0138853   0.217877  0.0261069
      0.71  0.0134259   0.205714  0.0252067
      0.72  0.0134259   0.209302  0.0252332
      0.73  0.0129665   0.205882  0.0243964
      0.74 0.00995457   0.198795  0.0189597
      0.75 0.00995457   0.198795  0.0189597
      0.76 0.00995457    0.20122  0.0189706
      0.77 0.00806575     0.1875  0.0154662
      0.78 0.00786155   0.189542  0.0150969
      0.79 0.00786155   0.195946  0.0151166
       0.8 0.00724897   0.205882  0.0140048
      0.81 0.00724897   0.233333  0.0140611
      0.82 0.00689162   0.262136  0.0134302
      0.83 0.00689162   0.309524   0.013483
      0.84 0.00413497    0.28169 0.00815031
      0.85 0.00321609   0.264706 0.00635497
      0.86 0.00321609   0.238095 0.00634646
      0.87 0.00178672   0.237288 0.00354673
      0.88 0.00163357   0.210526 0.00324198
      0.89 0.00163357   0.214286 0.00324242
       0.9 0.00163357        0.2 0.00324067
      0.91 0.00148042   0.222222 0.00294125
      0.92 0.00148042   0.232558 0.00294212
      0.93 0.00127623   0.212121 0.00253719
      0.94 0.00127623   0.241379 0.00253903
      0.95 0.00112308   0.235294 0.00223549
      0.96 0.000510491   0.333333 0.00101942
      0.97 0.000510491   0.333333 0.00101942
      0.98 5.10491e-05        0.2 0.000102072
      0.99          0          0          0
