         0          1   0.273534   0.429567
      0.01   0.999467   0.251919   0.402409
      0.02   0.999467   0.253286   0.404152
      0.03   0.999274   0.256282    0.40794
      0.04   0.998887    0.26085   0.413673
      0.05   0.998354     0.2664   0.420574
      0.06   0.996708   0.277182   0.433741
      0.07   0.996272    0.28527   0.443539
      0.08   0.995837   0.297146   0.457716
      0.09   0.995304    0.30567   0.467703
       0.1    0.99482   0.319238   0.483364
      0.11   0.993997   0.332816   0.498665
      0.12   0.993174   0.341615    0.50837
      0.13   0.989931   0.353571   0.521043
      0.14    0.98722   0.361374   0.529078
      0.15   0.984848   0.372522   0.540571
      0.16   0.983395   0.379742   0.547908
      0.17   0.981314   0.388872   0.557013
      0.18   0.977974   0.395026   0.562746
      0.19   0.976376   0.404272   0.571792
       0.2   0.974149   0.409167   0.576282
      0.21   0.970712   0.418279   0.584638
      0.22   0.969357   0.425845   0.591736
      0.23   0.967662   0.431479   0.596832
      0.24   0.960207   0.438264   0.601835
      0.25   0.955802   0.441554   0.604053
      0.26     0.9513   0.448041   0.609174
      0.27   0.946943   0.451589    0.61154
      0.28    0.94307   0.455917   0.614675
      0.29   0.933049   0.458274   0.614656
       0.3    0.91964   0.461264   0.614375
      0.31   0.906618   0.464526   0.614301
      0.32   0.891707   0.466781   0.612787
      0.33   0.861839   0.466984   0.605746
      0.34    0.83836   0.466742   0.599643
      0.35   0.796534   0.468683   0.590131
      0.36   0.756644   0.464937   0.575961
      0.37   0.697826   0.460455   0.554818
      0.38   0.664956   0.460824   0.544383
      0.39   0.598199   0.454448   0.516508
       0.4   0.561166    0.45608   0.503195
      0.41   0.505252   0.459554   0.481321
      0.42   0.478143   0.468079   0.473058
      0.43   0.459989    0.47393   0.466855
      0.44   0.427506    0.48765   0.455602
      0.45   0.412064   0.501513   0.452409
      0.46   0.398509   0.524494   0.452903
      0.47   0.391393   0.540773   0.454114
      0.48   0.378128   0.560779   0.451688
      0.49   0.371303   0.574033    0.45093
       0.5   0.363364   0.590562   0.449907
      0.51   0.356731    0.61264   0.450907
      0.52   0.354117   0.623081   0.451584
      0.53   0.347291   0.636975   0.449504
      0.54   0.344435   0.645067   0.449082
      0.55   0.341143    0.65596   0.448853
      0.56     0.3379   0.659004   0.446738
      0.57   0.332527   0.657598     0.4417
      0.58    0.32938   0.649584   0.437115
      0.59   0.319359   0.640262   0.426155
       0.6   0.312872   0.629713   0.418041
      0.61    0.29438   0.609223   0.396951
      0.62   0.280244   0.591767    0.38036
      0.63   0.271627   0.576544   0.369277
      0.64   0.251634   0.538993   0.343092
      0.65   0.237595   0.513598   0.324892
      0.66   0.198093   0.471871   0.279043
      0.67   0.176405   0.442002   0.252169
      0.68   0.145616   0.399734    0.21347
      0.69   0.117103       0.36   0.176721
       0.7  0.0979813   0.333837   0.151498
      0.71  0.0847655   0.313531   0.133451
      0.72  0.0748899   0.303571   0.120141
      0.73  0.0582369   0.286598  0.0968033
      0.74  0.0519437   0.267108  0.0869738
      0.75  0.0392603   0.240602  0.0675054
      0.76  0.0288522   0.212598   0.050809
      0.77  0.0135547   0.127208   0.024499
      0.78 0.00905262   0.119835  0.0168336
      0.79 0.00571235   0.112069  0.0108706
       0.8  0.0054703   0.111111  0.0104272
      0.81 0.00532507        0.1  0.0101117
      0.82 0.00532507   0.100478  0.0101141
      0.83 0.00532507   0.100478  0.0101141
      0.84 0.00503461   0.097561  0.0095751
      0.85 0.00503461  0.0980392  0.0095774
      0.86 0.00464734  0.0909091 0.00884263
      0.87 0.00464734  0.0909091 0.00884263
      0.88 0.00464734  0.0927835 0.00885133
      0.89 0.00440529  0.0846561 0.00837477
       0.9 0.00440529  0.0869565 0.00838574
      0.91 0.00401801  0.0782123 0.00764335
      0.92 0.00401801       0.08 0.00765171
      0.93 0.00401801  0.0813953 0.00765799
      0.94 0.00401801  0.0823529 0.00766218
      0.95 0.00343709  0.0722892 0.00656218
      0.96 0.00343709  0.0736196 0.00656756
      0.97 0.00343709  0.0759494 0.00657656
      0.98 0.00343709  0.0769231 0.00658017
      0.99 0.00343709       0.08 0.00659101
