         0          1   0.279386    0.43675
      0.01   0.998046   0.259865   0.412362
      0.02   0.997551   0.265918   0.419903
      0.03   0.997007   0.274857   0.430918
      0.04   0.995963   0.285573   0.443873
      0.05   0.994922   0.291571   0.450979
      0.06   0.992812   0.299867   0.460611
      0.07   0.990673    0.30541   0.466886
      0.08   0.986841   0.313818   0.476202
      0.09   0.983314   0.319596   0.482402
       0.1   0.976081   0.328638   0.491718
      0.11   0.968511   0.338243   0.501383
      0.12   0.962345   0.344971   0.507882
      0.13   0.951464   0.355518   0.517624
      0.14   0.943757   0.363073   0.524403
      0.15   0.928755   0.374579    0.53385
      0.16   0.918738   0.382071     0.5397
      0.17   0.901202    0.39313   0.547448
      0.18    0.88804   0.400994   0.552505
      0.19   0.865855   0.412349    0.55865
       0.2   0.851252   0.419981   0.562461
      0.21   0.826448   0.430927    0.56648
      0.22   0.799842   0.441243   0.568736
      0.23   0.781657   0.448143   0.569677
      0.24   0.751605   0.457397   0.568703
      0.25   0.731217   0.463476   0.567345
      0.26   0.701149   0.472628   0.564643
      0.27   0.681271   0.478596   0.562225
      0.28   0.651213     0.4871   0.557327
      0.29   0.629868   0.491645   0.552238
       0.3    0.59698   0.498029   0.543034
      0.31   0.564002   0.503334   0.531944
      0.32   0.542306   0.506437   0.523758
      0.33   0.511608   0.510238   0.510923
      0.34   0.490826   0.512527   0.501442
      0.35   0.460705   0.515646    0.48663
      0.36   0.441743   0.517445   0.476607
      0.37   0.414138   0.520104   0.461112
      0.38   0.396153   0.521509   0.450269
      0.39   0.371209   0.523709   0.434466
       0.4   0.355009      0.525   0.423586
      0.41   0.333231   0.526176   0.408044
      0.42   0.312999   0.526896   0.392711
      0.43   0.299706   0.526368   0.381941
      0.44   0.280208    0.52516   0.365433
      0.45   0.267579   0.524333   0.354334
      0.46   0.250683   0.523759   0.339076
      0.47   0.239436   0.521783   0.328246
      0.48   0.223215   0.518521   0.312083
      0.49   0.213512   0.516252   0.302087
       0.5   0.196633   0.510701   0.283942
      0.51   0.182851   0.503535   0.268281
      0.52    0.17362   0.498059   0.257483
      0.53   0.160014   0.487106   0.240894
      0.54   0.150399   0.478886   0.228907
      0.55   0.136458   0.466034   0.211104
      0.56   0.128253   0.456785   0.200274
      0.57   0.116987   0.439506   0.184788
      0.58   0.109391   0.426271   0.174103
      0.59  0.0976775   0.405752   0.157451
       0.6  0.0898819   0.389947    0.14609
      0.61  0.0787565   0.366019   0.129622
      0.62  0.0689634   0.343999   0.114893
      0.63  0.0627056   0.329701   0.105371
      0.64  0.0542082   0.306342  0.0921162
      0.65  0.0486836   0.290621   0.083397
      0.66  0.0409216   0.268752  0.0710281
      0.67  0.0368707   0.255898  0.0644546
      0.68  0.0299498   0.232548  0.0530653
      0.69  0.0256467   0.215892   0.045847
       0.7  0.0212561    0.19866  0.0384032
      0.71   0.017308   0.180369  0.0315851
      0.72  0.0152464   0.172411  0.0280155
      0.73  0.0125147   0.159168  0.0232048
      0.74   0.010861   0.152757    0.02028
      0.75 0.00880858   0.144867  0.0166074
      0.76 0.00796545   0.141045  0.0150793
      0.77 0.00657516   0.134674  0.0125382
      0.78  0.0061419   0.132432  0.0117394
      0.79 0.00571474   0.130357  0.0109495
       0.8 0.00543404   0.128015  0.0104255
      0.81 0.00508621   0.125998 0.00977773
      0.82 0.00479229   0.124476 0.00922926
      0.83 0.00470381   0.124135 0.00906415
      0.84 0.00448514   0.121924 0.00865201
      0.85 0.00430716   0.120622 0.00831733
      0.86 0.00418919   0.120461  0.0080968
      0.87 0.00406409   0.119184 0.00786015
      0.88 0.00395222   0.118099 0.00764847
      0.89 0.00377728   0.117159 0.00731861
       0.9 0.00368575   0.116891 0.00714617
      0.91 0.00352099   0.114888 0.00683258
      0.92 0.00339488    0.11332 0.00659226
      0.93 0.00328504   0.113141  0.0063847
      0.94 0.00318232   0.113024 0.00619034
      0.95 0.00308671   0.113384 0.00600982
      0.96 0.00297687   0.113649 0.00580178
      0.97 0.00288636   0.114432 0.00563069
      0.98  0.0028111    0.11464 0.00548763
      0.99 0.00267888   0.113934 0.00523468
