    119082        0.3   0.794512   0.717078   0.753812
     58060          0          1   0.374026   0.544424
     42049       0.31   0.960598   0.855051   0.904756
     24077       0.11   0.988511   0.507376   0.670568
     78004   0.283636   0.841169   0.625145   0.717244
     45096       0.16   0.791595    0.69413   0.739665
     38092       0.28   0.873381    0.67188   0.759493
     43074       0.22   0.569203   0.526942   0.547258
     16077       0.29   0.695235   0.500946   0.582312
     86000        0.2   0.938129   0.465919   0.622617
    101085       0.33   0.777882   0.713177   0.744125
     89072       0.17   0.879575    0.39262   0.542902
    126007        0.2   0.866516   0.550873   0.673549
     76053       0.19   0.703655    0.59166   0.642816
     86016          0          1   0.363236   0.532903
    103070       0.17   0.796158    0.43099   0.559242
      8023       0.21   0.902495   0.235593   0.373647
     41033       0.24    0.70611   0.548837   0.617619
    109053   0.175051   0.822478   0.381338   0.521079
    130026        0.4   0.442159   0.406794    0.42374
    108082       0.19   0.803492   0.176853   0.289897
     69040          0          1   0.319512   0.484288
     14037       0.22   0.610754   0.646794   0.628258
     54082       0.12   0.876169    0.59532   0.708943
     62096       0.53   0.715229   0.719714   0.717465
     12084       0.25   0.856188   0.354654   0.501553
     69015       0.21   0.800425   0.815505   0.807895
     97033   0.282121   0.940945   0.456417   0.614677
     19021       0.23   0.835376   0.635935   0.722138
     86068       0.23   0.692769   0.346119    0.46161
      3096       0.08   0.846236   0.597546   0.700473
     41069   0.309495   0.602569   0.393918   0.476399
     21077       0.21    0.93076   0.560715   0.699832
    108070          0          1   0.230724    0.37494
    123074       0.29   0.471357   0.311685   0.375241
     38082   0.191212   0.859878   0.498263   0.630929
     33039          0          1   0.331079    0.49746
    108005       0.21   0.825225   0.383279   0.523443
    106024       0.21   0.693526   0.481081   0.568092
    102061       0.25   0.801608   0.358214   0.495157
     37073       0.13   0.945497   0.789463   0.860463
     65033       0.23    0.81675   0.540683   0.650644
     55073   0.246364   0.789452   0.503018   0.614495
     66053   0.214646   0.761536    0.41789   0.539649
     85048   0.306263   0.794723   0.571872   0.665127
     42012        0.1   0.974208    0.44615   0.612019
     87046       0.27   0.801018   0.443353   0.570785
    105025       0.27   0.773199   0.412935   0.538355
    101087       0.24   0.842556   0.738496   0.787101
     69020       0.23   0.837368   0.532924   0.651326
