         0          1   0.295659   0.456384
      0.01   0.995151   0.280042   0.437085
      0.02   0.995151   0.280042   0.437085
      0.03   0.995151   0.280051   0.437096
      0.04   0.995151   0.282169   0.439671
      0.05   0.995151   0.292855   0.452536
      0.06   0.995034   0.322282   0.486871
      0.07   0.994877   0.348064   0.515705
      0.08   0.993391   0.387999   0.558039
      0.09   0.992531   0.418174    0.58843
       0.1   0.990263    0.46932   0.636826
      0.11   0.980995   0.533991   0.691548
      0.12   0.963593   0.581807   0.725541
      0.13   0.912639   0.651411    0.76021
      0.14   0.879908   0.687383   0.771821
      0.15   0.809479   0.723188   0.763904
      0.16   0.759581   0.734866   0.747019
      0.17   0.686454    0.74042   0.712416
      0.18   0.629947     0.7322   0.677235
      0.19   0.551345   0.703276   0.618111
       0.2   0.481816   0.683364   0.565159
      0.21   0.400086   0.648315   0.494814
      0.22   0.313194   0.590846   0.409383
      0.23   0.260441   0.546103   0.352684
      0.24   0.169873   0.481125   0.251092
      0.25   0.128109    0.45438   0.199867
      0.26  0.0680432   0.432203   0.117576
      0.27  0.0425465   0.440711  0.0776014
      0.28  0.0238933   0.518272  0.0456807
      0.29  0.0177929   0.542169  0.0344551
       0.3  0.0168153     0.5625  0.0326544
      0.31  0.0118489   0.488506  0.0231366
      0.32  0.0104802   0.394366  0.0204178
      0.33          0          0          0
      0.34          0          0          0
      0.35          0          0          0
      0.36          0          0          0
      0.37          0          0          0
      0.38          0          0          0
      0.39          0          0          0
       0.4          0          0          0
      0.41          0          0          0
      0.42          0          0          0
      0.43          0          0          0
      0.44          0          0          0
      0.45          0          0          0
      0.46          0          0          0
      0.47          0          0          0
      0.48          0          0          0
      0.49          0          0          0
       0.5          0          0          0
      0.51          0          0          0
      0.52          0          0          0
      0.53          0          0          0
      0.54          0          0          0
      0.55          0          0          0
      0.56          0          0          0
      0.57          0          0          0
      0.58          0          0          0
      0.59          0          0          0
       0.6          0          0          0
      0.61          0          0          0
      0.62          0          0          0
      0.63          0          0          0
      0.64          0          0          0
      0.65          0          0          0
      0.66          0          0          0
      0.67          0          0          0
      0.68          0          0          0
      0.69          0          0          0
       0.7          0          0          0
      0.71          0          0          0
      0.72          0          0          0
      0.73          0          0          0
      0.74          0          0          0
      0.75          0          0          0
      0.76          0          0          0
      0.77          0          0          0
      0.78          0          0          0
      0.79          0          0          0
       0.8          0          0          0
      0.81          0          0          0
      0.82          0          0          0
      0.83          0          0          0
      0.84          0          0          0
      0.85          0          0          0
      0.86          0          0          0
      0.87          0          0          0
      0.88          0          0          0
      0.89          0          0          0
       0.9          0          0          0
      0.91          0          0          0
      0.92          0          0          0
      0.93          0          0          0
      0.94          0          0          0
      0.95          0          0          0
      0.96          0          0          0
      0.97          0          0          0
      0.98          0          0          0
      0.99          0          0          0
