         0          1   0.296598   0.457502
      0.01   0.993392   0.200635   0.333843
      0.02   0.993392    0.20064    0.33385
      0.03   0.993392   0.201055   0.334425
      0.04   0.992834   0.222494   0.363522
      0.05   0.990525   0.493937   0.659171
      0.06   0.983877   0.530502   0.689324
      0.07   0.981449   0.551895   0.706504
      0.08   0.972452   0.592138   0.736073
      0.09   0.963774   0.618006   0.753099
       0.1   0.932803   0.655434   0.769898
      0.11   0.904857   0.691822   0.784128
      0.12   0.872134   0.713655   0.784975
      0.13   0.829936   0.730973   0.777317
      0.14    0.78129   0.727871   0.753635
      0.15   0.697373   0.719169   0.708103
      0.16   0.655533   0.710032   0.681695
      0.17   0.554061   0.694028   0.616196
      0.18   0.499124   0.683627   0.576985
      0.19   0.413097   0.671707   0.511577
       0.2   0.364212   0.653578    0.46776
      0.21   0.305096   0.617054   0.408308
      0.22   0.256568    0.58775   0.357207
      0.23   0.233838   0.565022    0.33078
      0.24   0.183439    0.49845   0.268182
      0.25    0.14375   0.455022   0.218479
      0.26   0.119268   0.345912   0.177377
      0.27  0.0757962    0.23058   0.114089
      0.28  0.0244427  0.0906433  0.0385028
      0.29 0.00772293  0.0503817  0.0133929
       0.3 0.00274682  0.0401855 0.00514215
      0.31 0.00274682  0.0372671 0.00511651
      0.32 0.00274682  0.0359937 0.00510412
      0.33          0          0          0
      0.34          0          0          0
      0.35          0          0          0
      0.36          0          0          0
      0.37          0          0          0
      0.38          0          0          0
      0.39          0          0          0
       0.4          0          0          0
      0.41          0          0          0
      0.42          0          0          0
      0.43          0          0          0
      0.44          0          0          0
      0.45          0          0          0
      0.46          0          0          0
      0.47          0          0          0
      0.48          0          0          0
      0.49          0          0          0
       0.5          0          0          0
      0.51          0          0          0
      0.52          0          0          0
      0.53          0          0          0
      0.54          0          0          0
      0.55          0          0          0
      0.56          0          0          0
      0.57          0          0          0
      0.58          0          0          0
      0.59          0          0          0
       0.6          0          0          0
      0.61          0          0          0
      0.62          0          0          0
      0.63          0          0          0
      0.64          0          0          0
      0.65          0          0          0
      0.66          0          0          0
      0.67          0          0          0
      0.68          0          0          0
      0.69          0          0          0
       0.7          0          0          0
      0.71          0          0          0
      0.72          0          0          0
      0.73          0          0          0
      0.74          0          0          0
      0.75          0          0          0
      0.76          0          0          0
      0.77          0          0          0
      0.78          0          0          0
      0.79          0          0          0
       0.8          0          0          0
      0.81          0          0          0
      0.82          0          0          0
      0.83          0          0          0
      0.84          0          0          0
      0.85          0          0          0
      0.86          0          0          0
      0.87          0          0          0
      0.88          0          0          0
      0.89          0          0          0
       0.9          0          0          0
      0.91          0          0          0
      0.92          0          0          0
      0.93          0          0          0
      0.94          0          0          0
      0.95          0          0          0
      0.96          0          0          0
      0.97          0          0          0
      0.98          0          0          0
      0.99          0          0          0
