         0          1   0.168956   0.289072
      0.01    0.99319   0.172458   0.293885
      0.02    0.99319    0.17297   0.294629
      0.03    0.99319   0.189434    0.31818
      0.04   0.987775   0.202196   0.335679
      0.05   0.975139   0.267834   0.420243
      0.06   0.965786    0.29091   0.447136
      0.07   0.954956    0.29835   0.454655
      0.08   0.930916   0.312522   0.467947
      0.09   0.911388   0.327586   0.481944
       0.1   0.878815   0.349903   0.500522
      0.11   0.854939   0.363282   0.509898
      0.12   0.840581   0.383005   0.526234
      0.13   0.800049   0.410598   0.542683
      0.14     0.7596   0.417771   0.539064
      0.15   0.696095   0.422054   0.525493
      0.16   0.661224   0.426876   0.518814
      0.17   0.621513   0.426722   0.506019
      0.18   0.569823    0.42622   0.487669
      0.19   0.485231   0.435822   0.459201
       0.2   0.453725   0.449719   0.451713
      0.21   0.399655   0.465461   0.430055
      0.22   0.356088   0.466808   0.403999
      0.23   0.296439   0.440851   0.354502
      0.24   0.214801   0.364939   0.270429
      0.25   0.127174   0.282185   0.175331
      0.26  0.0931244    0.21365   0.129711
      0.27  0.0643256   0.147351  0.0895558
      0.28  0.0114047   0.048583  0.0184729
      0.29 0.00631769  0.0397351   0.010902
       0.3 0.00254349  0.0205656 0.00452708
      0.31 0.00254349  0.0225989 0.00457236
      0.32 0.00254349   0.021148 0.00454084
      0.33          0          0          0
      0.34          0          0          0
      0.35          0          0          0
      0.36          0          0          0
      0.37          0          0          0
      0.38          0          0          0
      0.39          0          0          0
       0.4          0          0          0
      0.41          0          0          0
      0.42          0          0          0
      0.43          0          0          0
      0.44          0          0          0
      0.45          0          0          0
      0.46          0          0          0
      0.47          0          0          0
      0.48          0          0          0
      0.49          0          0          0
       0.5          0          0          0
      0.51          0          0          0
      0.52          0          0          0
      0.53          0          0          0
      0.54          0          0          0
      0.55          0          0          0
      0.56          0          0          0
      0.57          0          0          0
      0.58          0          0          0
      0.59          0          0          0
       0.6          0          0          0
      0.61          0          0          0
      0.62          0          0          0
      0.63          0          0          0
      0.64          0          0          0
      0.65          0          0          0
      0.66          0          0          0
      0.67          0          0          0
      0.68          0          0          0
      0.69          0          0          0
       0.7          0          0          0
      0.71          0          0          0
      0.72          0          0          0
      0.73          0          0          0
      0.74          0          0          0
      0.75          0          0          0
      0.76          0          0          0
      0.77          0          0          0
      0.78          0          0          0
      0.79          0          0          0
       0.8          0          0          0
      0.81          0          0          0
      0.82          0          0          0
      0.83          0          0          0
      0.84          0          0          0
      0.85          0          0          0
      0.86          0          0          0
      0.87          0          0          0
      0.88          0          0          0
      0.89          0          0          0
       0.9          0          0          0
      0.91          0          0          0
      0.92          0          0          0
      0.93          0          0          0
      0.94          0          0          0
      0.95          0          0          0
      0.96          0          0          0
      0.97          0          0          0
      0.98          0          0          0
      0.99          0          0          0
