         0          1   0.337394   0.504555
      0.01   0.973856    0.32884   0.491662
      0.02   0.973856   0.328949   0.491784
      0.03   0.973856   0.332285   0.495502
      0.04   0.970947   0.339555   0.503151
      0.05   0.966754   0.348334   0.512138
      0.06   0.955372   0.363471   0.526598
      0.07   0.929057   0.372518   0.531803
      0.08   0.886398   0.395675   0.547123
      0.09   0.828891   0.413377   0.551644
       0.1   0.712892   0.448852   0.550866
      0.11   0.612255    0.47744   0.536508
      0.12   0.562963   0.496255   0.527508
      0.13   0.471311   0.525246   0.496819
      0.14   0.426854   0.536837   0.475569
      0.15   0.370288   0.561203   0.446181
      0.16   0.322237   0.565271   0.410478
      0.17   0.258654   0.555814   0.353024
      0.18   0.205639   0.561031   0.300964
      0.19   0.152326    0.56517   0.239973
       0.2   0.125326   0.556358   0.204571
      0.21  0.0875016   0.518447   0.149732
      0.22  0.0613581   0.477212   0.108735
      0.23  0.0384665   0.518519  0.0716198
      0.24  0.0268709   0.650485  0.0516099
      0.25  0.0253733        0.8  0.0491866
      0.26  0.0149758          1  0.0295097
      0.27 0.00984126          1  0.0194907
      0.28          0          0          0
      0.29          0          0          0
       0.3          0          0          0
      0.31          0          0          0
      0.32          0          0          0
      0.33          0          0          0
      0.34          0          0          0
      0.35          0          0          0
      0.36          0          0          0
      0.37          0          0          0
      0.38          0          0          0
      0.39          0          0          0
       0.4          0          0          0
      0.41          0          0          0
      0.42          0          0          0
      0.43          0          0          0
      0.44          0          0          0
      0.45          0          0          0
      0.46          0          0          0
      0.47          0          0          0
      0.48          0          0          0
      0.49          0          0          0
       0.5          0          0          0
      0.51          0          0          0
      0.52          0          0          0
      0.53          0          0          0
      0.54          0          0          0
      0.55          0          0          0
      0.56          0          0          0
      0.57          0          0          0
      0.58          0          0          0
      0.59          0          0          0
       0.6          0          0          0
      0.61          0          0          0
      0.62          0          0          0
      0.63          0          0          0
      0.64          0          0          0
      0.65          0          0          0
      0.66          0          0          0
      0.67          0          0          0
      0.68          0          0          0
      0.69          0          0          0
       0.7          0          0          0
      0.71          0          0          0
      0.72          0          0          0
      0.73          0          0          0
      0.74          0          0          0
      0.75          0          0          0
      0.76          0          0          0
      0.77          0          0          0
      0.78          0          0          0
      0.79          0          0          0
       0.8          0          0          0
      0.81          0          0          0
      0.82          0          0          0
      0.83          0          0          0
      0.84          0          0          0
      0.85          0          0          0
      0.86          0          0          0
      0.87          0          0          0
      0.88          0          0          0
      0.89          0          0          0
       0.9          0          0          0
      0.91          0          0          0
      0.92          0          0          0
      0.93          0          0          0
      0.94          0          0          0
      0.95          0          0          0
      0.96          0          0          0
      0.97          0          0          0
      0.98          0          0          0
      0.99          0          0          0
