         0          1   0.223995   0.366006
      0.01   0.982589   0.178377    0.30194
      0.02   0.982589   0.178377    0.30194
      0.03   0.982589   0.178377    0.30194
      0.04   0.982589   0.178427   0.302011
      0.05    0.98246   0.241283   0.387419
      0.06   0.982008   0.247549   0.395419
      0.07   0.978848   0.253304    0.40246
      0.08   0.970529   0.269448   0.421793
      0.09   0.962211   0.285742   0.440632
       0.1   0.933901   0.314369   0.470394
      0.11   0.896498   0.350117   0.503571
      0.12   0.865351   0.375417   0.523656
      0.13    0.79951   0.411325   0.543193
      0.14   0.750887   0.442009   0.556459
      0.15   0.675888   0.475704   0.558397
      0.16   0.621332   0.487624   0.546418
      0.17   0.545947   0.496845    0.52024
      0.18   0.512285   0.497643   0.504858
      0.19   0.421616    0.46431   0.441934
       0.2   0.359902     0.4344   0.393657
      0.21   0.258593   0.379462   0.307579
      0.22    0.16715   0.298214   0.214226
      0.23   0.111756    0.24722   0.153929
      0.24  0.0542336    0.19393  0.0847628
      0.25   0.039853   0.166667  0.0643247
      0.26  0.0150255   0.144483  0.0272202
      0.27  0.0134133     0.1434  0.0245319
      0.28  0.0116721   0.133817  0.0214715
      0.29 0.00960856    0.13067  0.0179008
       0.3 0.00786741   0.135231  0.0148697
      0.31 0.00664216   0.133713  0.0126557
      0.32 0.00619075   0.135802  0.0118417
      0.33          0          0          0
      0.34          0          0          0
      0.35          0          0          0
      0.36          0          0          0
      0.37          0          0          0
      0.38          0          0          0
      0.39          0          0          0
       0.4          0          0          0
      0.41          0          0          0
      0.42          0          0          0
      0.43          0          0          0
      0.44          0          0          0
      0.45          0          0          0
      0.46          0          0          0
      0.47          0          0          0
      0.48          0          0          0
      0.49          0          0          0
       0.5          0          0          0
      0.51          0          0          0
      0.52          0          0          0
      0.53          0          0          0
      0.54          0          0          0
      0.55          0          0          0
      0.56          0          0          0
      0.57          0          0          0
      0.58          0          0          0
      0.59          0          0          0
       0.6          0          0          0
      0.61          0          0          0
      0.62          0          0          0
      0.63          0          0          0
      0.64          0          0          0
      0.65          0          0          0
      0.66          0          0          0
      0.67          0          0          0
      0.68          0          0          0
      0.69          0          0          0
       0.7          0          0          0
      0.71          0          0          0
      0.72          0          0          0
      0.73          0          0          0
      0.74          0          0          0
      0.75          0          0          0
      0.76          0          0          0
      0.77          0          0          0
      0.78          0          0          0
      0.79          0          0          0
       0.8          0          0          0
      0.81          0          0          0
      0.82          0          0          0
      0.83          0          0          0
      0.84          0          0          0
      0.85          0          0          0
      0.86          0          0          0
      0.87          0          0          0
      0.88          0          0          0
      0.89          0          0          0
       0.9          0          0          0
      0.91          0          0          0
      0.92          0          0          0
      0.93          0          0          0
      0.94          0          0          0
      0.95          0          0          0
      0.96          0          0          0
      0.97          0          0          0
      0.98          0          0          0
      0.99          0          0          0
