         0          1   0.193017   0.323578
      0.01   0.940052   0.163394   0.278399
      0.02   0.940052   0.163394   0.278399
      0.03   0.940052   0.163394   0.278399
      0.04   0.940052    0.16473   0.280335
      0.05   0.938717   0.191227   0.317729
      0.06   0.925429   0.243201   0.385178
      0.07   0.909896   0.287791   0.437276
      0.08   0.853468   0.344553   0.490918
      0.09   0.812815   0.377801   0.515838
       0.1   0.765791   0.429028   0.549951
      0.11    0.70554   0.469546   0.563845
      0.12   0.672653   0.488301    0.56584
      0.13   0.620593   0.485542   0.544823
      0.14   0.597355   0.478738   0.531509
      0.15   0.526182   0.446319   0.482971
      0.16   0.485407   0.443065   0.463271
      0.17   0.403434   0.418191    0.41068
      0.18   0.349069   0.409625    0.37693
      0.19   0.279655   0.383648     0.3235
       0.2   0.255446   0.368179   0.301623
      0.21   0.230751   0.361111   0.281575
      0.22   0.209453   0.339506   0.259074
      0.23   0.192161   0.306753   0.236297
      0.24   0.141678   0.238524   0.177767
      0.25  0.0975669   0.178571   0.126188
      0.26  0.0333718  0.0859466  0.0480762
      0.27   0.012924  0.0619684  0.0213874
      0.28 0.00467205  0.0540201 0.00860028
      0.29 0.00285177  0.0482574 0.00538529
       0.3 0.00182028  0.0425197  0.0034911
      0.31 0.00145622  0.0497076 0.00282955
      0.32 0.000364056  0.0526316 0.000723109
      0.33          0          0          0
      0.34          0          0          0
      0.35          0          0          0
      0.36          0          0          0
      0.37          0          0          0
      0.38          0          0          0
      0.39          0          0          0
       0.4          0          0          0
      0.41          0          0          0
      0.42          0          0          0
      0.43          0          0          0
      0.44          0          0          0
      0.45          0          0          0
      0.46          0          0          0
      0.47          0          0          0
      0.48          0          0          0
      0.49          0          0          0
       0.5          0          0          0
      0.51          0          0          0
      0.52          0          0          0
      0.53          0          0          0
      0.54          0          0          0
      0.55          0          0          0
      0.56          0          0          0
      0.57          0          0          0
      0.58          0          0          0
      0.59          0          0          0
       0.6          0          0          0
      0.61          0          0          0
      0.62          0          0          0
      0.63          0          0          0
      0.64          0          0          0
      0.65          0          0          0
      0.66          0          0          0
      0.67          0          0          0
      0.68          0          0          0
      0.69          0          0          0
       0.7          0          0          0
      0.71          0          0          0
      0.72          0          0          0
      0.73          0          0          0
      0.74          0          0          0
      0.75          0          0          0
      0.76          0          0          0
      0.77          0          0          0
      0.78          0          0          0
      0.79          0          0          0
       0.8          0          0          0
      0.81          0          0          0
      0.82          0          0          0
      0.83          0          0          0
      0.84          0          0          0
      0.85          0          0          0
      0.86          0          0          0
      0.87          0          0          0
      0.88          0          0          0
      0.89          0          0          0
       0.9          0          0          0
      0.91          0          0          0
      0.92          0          0          0
      0.93          0          0          0
      0.94          0          0          0
      0.95          0          0          0
      0.96          0          0          0
      0.97          0          0          0
      0.98          0          0          0
      0.99          0          0          0
