         0          1   0.150167   0.261123
      0.01   0.952367   0.134699   0.236016
      0.02   0.950849    0.15375   0.264699
      0.03   0.950659   0.155407   0.267143
      0.04   0.948667   0.158834    0.27211
      0.05   0.942594   0.163556   0.278746
      0.06   0.927412   0.171899   0.290038
      0.07   0.915836   0.175903   0.295122
      0.08   0.882626   0.184902   0.305752
      0.09   0.854066   0.188411   0.308717
       0.1   0.756903   0.191056   0.305099
      0.11   0.657842    0.20039   0.307202
      0.12   0.622545   0.206583   0.310222
      0.13    0.55641   0.212663   0.307715
      0.14   0.505076   0.212911    0.29955
      0.15   0.422431   0.209565   0.280149
      0.16   0.374134   0.204484   0.264439
      0.17   0.303919   0.203104   0.243488
      0.18   0.280767   0.207841   0.238861
      0.19   0.248126   0.209338   0.227088
       0.2    0.22393   0.214188   0.218951
      0.21   0.177436   0.223344   0.197761
      0.22   0.146883   0.253271   0.185934
      0.23    0.11595   0.268156   0.161897
      0.24  0.0894772   0.348901   0.142428
      0.25   0.062245   0.484043   0.110305
      0.26  0.0461144   0.826087  0.0873526
      0.27  0.0347282   0.945946  0.0669967
      0.28  0.0111965          1  0.0221451
      0.29          0          0          0
       0.3          0          0          0
      0.31          0          0          0
      0.32          0          0          0
      0.33          0          0          0
      0.34          0          0          0
      0.35          0          0          0
      0.36          0          0          0
      0.37          0          0          0
      0.38          0          0          0
      0.39          0          0          0
       0.4          0          0          0
      0.41          0          0          0
      0.42          0          0          0
      0.43          0          0          0
      0.44          0          0          0
      0.45          0          0          0
      0.46          0          0          0
      0.47          0          0          0
      0.48          0          0          0
      0.49          0          0          0
       0.5          0          0          0
      0.51          0          0          0
      0.52          0          0          0
      0.53          0          0          0
      0.54          0          0          0
      0.55          0          0          0
      0.56          0          0          0
      0.57          0          0          0
      0.58          0          0          0
      0.59          0          0          0
       0.6          0          0          0
      0.61          0          0          0
      0.62          0          0          0
      0.63          0          0          0
      0.64          0          0          0
      0.65          0          0          0
      0.66          0          0          0
      0.67          0          0          0
      0.68          0          0          0
      0.69          0          0          0
       0.7          0          0          0
      0.71          0          0          0
      0.72          0          0          0
      0.73          0          0          0
      0.74          0          0          0
      0.75          0          0          0
      0.76          0          0          0
      0.77          0          0          0
      0.78          0          0          0
      0.79          0          0          0
       0.8          0          0          0
      0.81          0          0          0
      0.82          0          0          0
      0.83          0          0          0
      0.84          0          0          0
      0.85          0          0          0
      0.86          0          0          0
      0.87          0          0          0
      0.88          0          0          0
      0.89          0          0          0
       0.9          0          0          0
      0.91          0          0          0
      0.92          0          0          0
      0.93          0          0          0
      0.94          0          0          0
      0.95          0          0          0
      0.96          0          0          0
      0.97          0          0          0
      0.98          0          0          0
      0.99          0          0          0
