         0          1   0.282356    0.44037
      0.01   0.996791   0.291875   0.451535
      0.02   0.996791   0.291875   0.451535
      0.03   0.996791   0.292064    0.45176
      0.04   0.996791   0.295172   0.455469
      0.05   0.996734   0.302804   0.464495
      0.06   0.993637   0.321368    0.48566
      0.07   0.989189   0.336191   0.501828
      0.08   0.955068   0.352321   0.514752
      0.09    0.91143   0.364716   0.520964
       0.1   0.865541   0.384454   0.532419
      0.11   0.825169    0.40681   0.544956
      0.12   0.792793   0.419758   0.548894
      0.13   0.727196   0.437053   0.545971
      0.14    0.65991   0.443261   0.530312
      0.15   0.558446   0.468706   0.509656
      0.16   0.487838   0.489853   0.488843
      0.17   0.416385   0.522057   0.463272
      0.18   0.382207   0.536194   0.446291
      0.19   0.325901   0.539847   0.406438
       0.2     0.2817   0.542749   0.370896
      0.21   0.221734   0.566341   0.318693
      0.22   0.182714   0.618899   0.282135
      0.23    0.15366   0.657858   0.249129
      0.24   0.114583   0.744417   0.198598
      0.25  0.0949324   0.828125   0.170338
      0.26  0.0489865   0.884211  0.0928301
      0.27  0.0273649        0.9  0.0531148
      0.28 0.00230856          1 0.00460648
      0.29          0          0          0
       0.3          0          0          0
      0.31          0          0          0
      0.32          0          0          0
      0.33          0          0          0
      0.34          0          0          0
      0.35          0          0          0
      0.36          0          0          0
      0.37          0          0          0
      0.38          0          0          0
      0.39          0          0          0
       0.4          0          0          0
      0.41          0          0          0
      0.42          0          0          0
      0.43          0          0          0
      0.44          0          0          0
      0.45          0          0          0
      0.46          0          0          0
      0.47          0          0          0
      0.48          0          0          0
      0.49          0          0          0
       0.5          0          0          0
      0.51          0          0          0
      0.52          0          0          0
      0.53          0          0          0
      0.54          0          0          0
      0.55          0          0          0
      0.56          0          0          0
      0.57          0          0          0
      0.58          0          0          0
      0.59          0          0          0
       0.6          0          0          0
      0.61          0          0          0
      0.62          0          0          0
      0.63          0          0          0
      0.64          0          0          0
      0.65          0          0          0
      0.66          0          0          0
      0.67          0          0          0
      0.68          0          0          0
      0.69          0          0          0
       0.7          0          0          0
      0.71          0          0          0
      0.72          0          0          0
      0.73          0          0          0
      0.74          0          0          0
      0.75          0          0          0
      0.76          0          0          0
      0.77          0          0          0
      0.78          0          0          0
      0.79          0          0          0
       0.8          0          0          0
      0.81          0          0          0
      0.82          0          0          0
      0.83          0          0          0
      0.84          0          0          0
      0.85          0          0          0
      0.86          0          0          0
      0.87          0          0          0
      0.88          0          0          0
      0.89          0          0          0
       0.9          0          0          0
      0.91          0          0          0
      0.92          0          0          0
      0.93          0          0          0
      0.94          0          0          0
      0.95          0          0          0
      0.96          0          0          0
      0.97          0          0          0
      0.98          0          0          0
      0.99          0          0          0
