         0          1   0.230724    0.37494
      0.01   0.992892   0.216553   0.355558
      0.02   0.992892   0.216418   0.355375
      0.03   0.989761   0.215479   0.353909
      0.04   0.978761    0.21103   0.347201
      0.05   0.959384   0.208783   0.342935
      0.06   0.930445   0.211705   0.344928
      0.07   0.903114   0.219284   0.352884
      0.08   0.841851   0.231415   0.363035
      0.09   0.796158   0.240496   0.369405
       0.1   0.717803   0.248449   0.369133
      0.11    0.65451   0.250551   0.362381
      0.12   0.601032   0.253192   0.356292
      0.13   0.547555   0.256921   0.349739
      0.14   0.510408   0.259778   0.344314
      0.15   0.462515   0.268108   0.339447
      0.16   0.424945   0.268296   0.328922
      0.17   0.358267    0.27852     0.3134
      0.18   0.317397   0.288167   0.302076
      0.19    0.26045   0.298313   0.278099
       0.2   0.230073   0.309278    0.26386
      0.21   0.168049   0.342105   0.225384
      0.22   0.128025   0.374873   0.190866
      0.23   0.101878       0.42   0.163981
      0.24  0.0683703    0.44012   0.118355
      0.25  0.0367236    0.35533  0.0665675
      0.26  0.0121848   0.224719  0.0231162
      0.27  0.0103232   0.192982  0.0195981
      0.28          0          0          0
      0.29          0          0          0
       0.3          0          0          0
      0.31          0          0          0
      0.32          0          0          0
      0.33          0          0          0
      0.34          0          0          0
      0.35          0          0          0
      0.36          0          0          0
      0.37          0          0          0
      0.38          0          0          0
      0.39          0          0          0
       0.4          0          0          0
      0.41          0          0          0
      0.42          0          0          0
      0.43          0          0          0
      0.44          0          0          0
      0.45          0          0          0
      0.46          0          0          0
      0.47          0          0          0
      0.48          0          0          0
      0.49          0          0          0
       0.5          0          0          0
      0.51          0          0          0
      0.52          0          0          0
      0.53          0          0          0
      0.54          0          0          0
      0.55          0          0          0
      0.56          0          0          0
      0.57          0          0          0
      0.58          0          0          0
      0.59          0          0          0
       0.6          0          0          0
      0.61          0          0          0
      0.62          0          0          0
      0.63          0          0          0
      0.64          0          0          0
      0.65          0          0          0
      0.66          0          0          0
      0.67          0          0          0
      0.68          0          0          0
      0.69          0          0          0
       0.7          0          0          0
      0.71          0          0          0
      0.72          0          0          0
      0.73          0          0          0
      0.74          0          0          0
      0.75          0          0          0
      0.76          0          0          0
      0.77          0          0          0
      0.78          0          0          0
      0.79          0          0          0
       0.8          0          0          0
      0.81          0          0          0
      0.82          0          0          0
      0.83          0          0          0
      0.84          0          0          0
      0.85          0          0          0
      0.86          0          0          0
      0.87          0          0          0
      0.88          0          0          0
      0.89          0          0          0
       0.9          0          0          0
      0.91          0          0          0
      0.92          0          0          0
      0.93          0          0          0
      0.94          0          0          0
      0.95          0          0          0
      0.96          0          0          0
      0.97          0          0          0
      0.98          0          0          0
      0.99          0          0          0
