         0          1   0.253826   0.404882
      0.01   0.986813   0.269723   0.423651
      0.02   0.986813   0.271275   0.425562
      0.03   0.986376   0.280134   0.436344
      0.04   0.978715   0.297561    0.45637
      0.05   0.975925   0.313391   0.474431
      0.06   0.963121   0.336995   0.499289
      0.07   0.950919   0.348882   0.510476
      0.08   0.886573   0.361262   0.513346
      0.09   0.835248   0.373644   0.516316
       0.1    0.76439   0.396432   0.522093
      0.11   0.689538   0.419382   0.521552
      0.12   0.633071   0.437817   0.517643
      0.13   0.525498   0.455859   0.488208
      0.14   0.473791   0.456289   0.464875
      0.15   0.375027   0.466644   0.415849
      0.16   0.335413   0.477944    0.39419
      0.17   0.268002   0.499083   0.348736
      0.18   0.227676   0.514151   0.315598
      0.19   0.170333   0.550688   0.260187
       0.2   0.139527   0.545455   0.222213
      0.21  0.0692712   0.566116   0.123438
      0.22  0.0348545   0.602041   0.065894
      0.23  0.0147188      0.425  0.0284521
      0.24          0          0          0
      0.25          0          0          0
      0.26          0          0          0
      0.27          0          0          0
      0.28          0          0          0
      0.29          0          0          0
       0.3          0          0          0
      0.31          0          0          0
      0.32          0          0          0
      0.33          0          0          0
      0.34          0          0          0
      0.35          0          0          0
      0.36          0          0          0
      0.37          0          0          0
      0.38          0          0          0
      0.39          0          0          0
       0.4          0          0          0
      0.41          0          0          0
      0.42          0          0          0
      0.43          0          0          0
      0.44          0          0          0
      0.45          0          0          0
      0.46          0          0          0
      0.47          0          0          0
      0.48          0          0          0
      0.49          0          0          0
       0.5          0          0          0
      0.51          0          0          0
      0.52          0          0          0
      0.53          0          0          0
      0.54          0          0          0
      0.55          0          0          0
      0.56          0          0          0
      0.57          0          0          0
      0.58          0          0          0
      0.59          0          0          0
       0.6          0          0          0
      0.61          0          0          0
      0.62          0          0          0
      0.63          0          0          0
      0.64          0          0          0
      0.65          0          0          0
      0.66          0          0          0
      0.67          0          0          0
      0.68          0          0          0
      0.69          0          0          0
       0.7          0          0          0
      0.71          0          0          0
      0.72          0          0          0
      0.73          0          0          0
      0.74          0          0          0
      0.75          0          0          0
      0.76          0          0          0
      0.77          0          0          0
      0.78          0          0          0
      0.79          0          0          0
       0.8          0          0          0
      0.81          0          0          0
      0.82          0          0          0
      0.83          0          0          0
      0.84          0          0          0
      0.85          0          0          0
      0.86          0          0          0
      0.87          0          0          0
      0.88          0          0          0
      0.89          0          0          0
       0.9          0          0          0
      0.91          0          0          0
      0.92          0          0          0
      0.93          0          0          0
      0.94          0          0          0
      0.95          0          0          0
      0.96          0          0          0
      0.97          0          0          0
      0.98          0          0          0
      0.99          0          0          0
