         0          1   0.418411   0.589971
      0.01   0.976992   0.432981   0.600038
      0.02   0.976612   0.432999   0.599984
      0.03   0.976138   0.433931   0.600788
      0.04   0.976043   0.446696   0.612895
      0.05   0.975853    0.47437   0.638405
      0.06   0.975441   0.505978   0.666323
      0.07    0.97484   0.518039   0.676552
      0.08   0.972562   0.528161   0.684563
      0.09   0.971486   0.545122   0.698372
       0.1   0.965536   0.566572   0.714108
      0.11   0.946073   0.595151   0.730661
      0.12   0.920849   0.641492   0.756195
      0.13   0.865213   0.706662   0.777941
      0.14     0.8204   0.733999   0.774798
      0.15   0.742072   0.749508   0.745772
      0.16   0.684822   0.760655   0.720749
      0.17   0.613045   0.791411   0.690902
      0.18   0.583075   0.817032   0.680506
      0.19   0.558168   0.830571   0.667653
       0.2   0.539148   0.840956   0.657052
      0.21   0.499778    0.83714   0.625894
      0.22   0.432464   0.816969   0.565552
      0.23   0.374138   0.790581    0.50791
      0.24    0.28948   0.739934   0.416152
      0.25   0.205709   0.666667   0.314405
      0.26  0.0921577   0.539604   0.157429
      0.27  0.0459839   0.496314  0.0841695
      0.28  0.0201912   0.327586  0.0380378
      0.29 0.00538009    0.12963  0.0103314
       0.3 0.00148744  0.0653266 0.00290864
      0.31 0.000696247  0.0520833 0.00137412
      0.32 0.000474714  0.0535714 0.000941088
      0.33          0          0          0
      0.34          0          0          0
      0.35          0          0          0
      0.36          0          0          0
      0.37          0          0          0
      0.38          0          0          0
      0.39          0          0          0
       0.4          0          0          0
      0.41          0          0          0
      0.42          0          0          0
      0.43          0          0          0
      0.44          0          0          0
      0.45          0          0          0
      0.46          0          0          0
      0.47          0          0          0
      0.48          0          0          0
      0.49          0          0          0
       0.5          0          0          0
      0.51          0          0          0
      0.52          0          0          0
      0.53          0          0          0
      0.54          0          0          0
      0.55          0          0          0
      0.56          0          0          0
      0.57          0          0          0
      0.58          0          0          0
      0.59          0          0          0
       0.6          0          0          0
      0.61          0          0          0
      0.62          0          0          0
      0.63          0          0          0
      0.64          0          0          0
      0.65          0          0          0
      0.66          0          0          0
      0.67          0          0          0
      0.68          0          0          0
      0.69          0          0          0
       0.7          0          0          0
      0.71          0          0          0
      0.72          0          0          0
      0.73          0          0          0
      0.74          0          0          0
      0.75          0          0          0
      0.76          0          0          0
      0.77          0          0          0
      0.78          0          0          0
      0.79          0          0          0
       0.8          0          0          0
      0.81          0          0          0
      0.82          0          0          0
      0.83          0          0          0
      0.84          0          0          0
      0.85          0          0          0
      0.86          0          0          0
      0.87          0          0          0
      0.88          0          0          0
      0.89          0          0          0
       0.9          0          0          0
      0.91          0          0          0
      0.92          0          0          0
      0.93          0          0          0
      0.94          0          0          0
      0.95          0          0          0
      0.96          0          0          0
      0.97          0          0          0
      0.98          0          0          0
      0.99          0          0          0
