         0          1   0.223412   0.365227
      0.01          1   0.243829   0.392062
      0.02          1   0.243886   0.392136
      0.03          1   0.244746   0.393246
      0.04          1   0.248449   0.398013
      0.05          1    0.25259   0.403308
      0.06          1   0.261934   0.415131
      0.07    0.99993   0.269311   0.424336
      0.08    0.99606    0.27965   0.436695
      0.09   0.989376   0.285234   0.442808
       0.1   0.967143   0.293973   0.450892
      0.11   0.928375   0.301026   0.454636
      0.12   0.881165   0.303504   0.451496
      0.13   0.793429   0.299662   0.435024
      0.14   0.697953   0.293907   0.413634
      0.15   0.545909   0.282407   0.372246
      0.16   0.450996   0.271554   0.338993
      0.17   0.330191   0.260147   0.291013
      0.18   0.268979   0.251536   0.259965
      0.19   0.174207   0.213573   0.191892
       0.2    0.13157   0.201069   0.159059
      0.21  0.0698656   0.129132  0.0906734
      0.22   0.031239  0.0774092  0.0445141
      0.23  0.0179413  0.0551181  0.0270709
      0.24 0.000985014  0.0112676 0.00181165
      0.25 0.000773939 0.00677966 0.00138928
      0.26          0          0          0
      0.27          0          0          0
      0.28          0          0          0
      0.29          0          0          0
       0.3          0          0          0
      0.31          0          0          0
      0.32          0          0          0
      0.33          0          0          0
      0.34          0          0          0
      0.35          0          0          0
      0.36          0          0          0
      0.37          0          0          0
      0.38          0          0          0
      0.39          0          0          0
       0.4          0          0          0
      0.41          0          0          0
      0.42          0          0          0
      0.43          0          0          0
      0.44          0          0          0
      0.45          0          0          0
      0.46          0          0          0
      0.47          0          0          0
      0.48          0          0          0
      0.49          0          0          0
       0.5          0          0          0
      0.51          0          0          0
      0.52          0          0          0
      0.53          0          0          0
      0.54          0          0          0
      0.55          0          0          0
      0.56          0          0          0
      0.57          0          0          0
      0.58          0          0          0
      0.59          0          0          0
       0.6          0          0          0
      0.61          0          0          0
      0.62          0          0          0
      0.63          0          0          0
      0.64          0          0          0
      0.65          0          0          0
      0.66          0          0          0
      0.67          0          0          0
      0.68          0          0          0
      0.69          0          0          0
       0.7          0          0          0
      0.71          0          0          0
      0.72          0          0          0
      0.73          0          0          0
      0.74          0          0          0
      0.75          0          0          0
      0.76          0          0          0
      0.77          0          0          0
      0.78          0          0          0
      0.79          0          0          0
       0.8          0          0          0
      0.81          0          0          0
      0.82          0          0          0
      0.83          0          0          0
      0.84          0          0          0
      0.85          0          0          0
      0.86          0          0          0
      0.87          0          0          0
      0.88          0          0          0
      0.89          0          0          0
       0.9          0          0          0
      0.91          0          0          0
      0.92          0          0          0
      0.93          0          0          0
      0.94          0          0          0
      0.95          0          0          0
      0.96          0          0          0
      0.97          0          0          0
      0.98          0          0          0
      0.99          0          0          0
