         0          1   0.176689   0.300316
      0.01   0.973453   0.158676   0.272873
      0.02   0.973453   0.158676   0.272873
      0.03   0.973453   0.158676   0.272873
      0.04   0.971891   0.160254    0.27514
      0.05    0.96811   0.164466   0.281167
      0.06   0.940659   0.173413    0.29284
      0.07   0.915674   0.181925   0.303542
      0.08   0.865045   0.202168   0.327741
      0.09   0.838991   0.218235   0.346373
       0.1   0.777184   0.245113   0.372686
      0.11   0.679214   0.271922   0.388364
      0.12   0.618641   0.291518   0.396294
      0.13   0.526013    0.31599   0.394808
      0.14    0.46922   0.325067   0.384062
      0.15   0.367305   0.326564   0.345738
      0.16   0.310265   0.308812   0.309537
      0.17   0.195858   0.269867   0.226982
      0.18   0.137996   0.245141   0.176587
      0.19  0.0987096   0.215781   0.135455
       0.2  0.0655051   0.188017  0.0971596
      0.21  0.0445467   0.158708  0.0695671
      0.22  0.0272047   0.107212  0.0433975
      0.23  0.0119175      0.065   0.020142
      0.24 0.00131503    0.06639 0.00257898
      0.25 0.00131503  0.0939597 0.00259376
      0.26 0.00131503   0.222222 0.00261459
      0.27 0.00131503        0.5 0.00262317
      0.28          0          0          0
      0.29          0          0          0
       0.3          0          0          0
      0.31          0          0          0
      0.32          0          0          0
      0.33          0          0          0
      0.34          0          0          0
      0.35          0          0          0
      0.36          0          0          0
      0.37          0          0          0
      0.38          0          0          0
      0.39          0          0          0
       0.4          0          0          0
      0.41          0          0          0
      0.42          0          0          0
      0.43          0          0          0
      0.44          0          0          0
      0.45          0          0          0
      0.46          0          0          0
      0.47          0          0          0
      0.48          0          0          0
      0.49          0          0          0
       0.5          0          0          0
      0.51          0          0          0
      0.52          0          0          0
      0.53          0          0          0
      0.54          0          0          0
      0.55          0          0          0
      0.56          0          0          0
      0.57          0          0          0
      0.58          0          0          0
      0.59          0          0          0
       0.6          0          0          0
      0.61          0          0          0
      0.62          0          0          0
      0.63          0          0          0
      0.64          0          0          0
      0.65          0          0          0
      0.66          0          0          0
      0.67          0          0          0
      0.68          0          0          0
      0.69          0          0          0
       0.7          0          0          0
      0.71          0          0          0
      0.72          0          0          0
      0.73          0          0          0
      0.74          0          0          0
      0.75          0          0          0
      0.76          0          0          0
      0.77          0          0          0
      0.78          0          0          0
      0.79          0          0          0
       0.8          0          0          0
      0.81          0          0          0
      0.82          0          0          0
      0.83          0          0          0
      0.84          0          0          0
      0.85          0          0          0
      0.86          0          0          0
      0.87          0          0          0
      0.88          0          0          0
      0.89          0          0          0
       0.9          0          0          0
      0.91          0          0          0
      0.92          0          0          0
      0.93          0          0          0
      0.94          0          0          0
      0.95          0          0          0
      0.96          0          0          0
      0.97          0          0          0
      0.98          0          0          0
      0.99          0          0          0
