         0          1   0.181029   0.306561
      0.01   0.980827   0.164887   0.282315
      0.02   0.980827   0.167525   0.286172
      0.03   0.979535   0.173398   0.294639
      0.04   0.962301   0.184988   0.310321
      0.05   0.936019   0.189201   0.314776
      0.06   0.881732   0.192585   0.316123
      0.07   0.852542   0.196456   0.319328
      0.08   0.812688   0.205668   0.328262
      0.09   0.768311   0.211676   0.331909
       0.1   0.724149   0.223726    0.34184
      0.11   0.693128   0.243774   0.360692
      0.12   0.678264   0.258576   0.374413
      0.13    0.63464    0.28508   0.393431
      0.14   0.612236    0.30442   0.406645
      0.15   0.562688   0.336524   0.421165
      0.16   0.533929   0.358687   0.429106
      0.17   0.498277   0.412613   0.451417
      0.18   0.474472   0.448674   0.461213
      0.19   0.439035    0.47619   0.456858
       0.2   0.416846   0.500736   0.454956
      0.21    0.35265   0.539919   0.426639
      0.22   0.282745   0.578585   0.379859
      0.23   0.234166   0.608974   0.338262
      0.24   0.175248   0.592955   0.270538
      0.25    0.11019   0.556995   0.183982
      0.26  0.0524558   0.483471  0.0946431
      0.27  0.0316674   0.421687  0.0589108
      0.28 0.00646273   0.329412  0.0126768
      0.29 0.00592417    0.34375  0.0116476
       0.3  0.0035545    0.37037 0.00704143
      0.31 0.00129255   0.368421 0.00257605
      0.32 0.00129255        0.4 0.00257677
      0.33          0          0          0
      0.34          0          0          0
      0.35          0          0          0
      0.36          0          0          0
      0.37          0          0          0
      0.38          0          0          0
      0.39          0          0          0
       0.4          0          0          0
      0.41          0          0          0
      0.42          0          0          0
      0.43          0          0          0
      0.44          0          0          0
      0.45          0          0          0
      0.46          0          0          0
      0.47          0          0          0
      0.48          0          0          0
      0.49          0          0          0
       0.5          0          0          0
      0.51          0          0          0
      0.52          0          0          0
      0.53          0          0          0
      0.54          0          0          0
      0.55          0          0          0
      0.56          0          0          0
      0.57          0          0          0
      0.58          0          0          0
      0.59          0          0          0
       0.6          0          0          0
      0.61          0          0          0
      0.62          0          0          0
      0.63          0          0          0
      0.64          0          0          0
      0.65          0          0          0
      0.66          0          0          0
      0.67          0          0          0
      0.68          0          0          0
      0.69          0          0          0
       0.7          0          0          0
      0.71          0          0          0
      0.72          0          0          0
      0.73          0          0          0
      0.74          0          0          0
      0.75          0          0          0
      0.76          0          0          0
      0.77          0          0          0
      0.78          0          0          0
      0.79          0          0          0
       0.8          0          0          0
      0.81          0          0          0
      0.82          0          0          0
      0.83          0          0          0
      0.84          0          0          0
      0.85          0          0          0
      0.86          0          0          0
      0.87          0          0          0
      0.88          0          0          0
      0.89          0          0          0
       0.9          0          0          0
      0.91          0          0          0
      0.92          0          0          0
      0.93          0          0          0
      0.94          0          0          0
      0.95          0          0          0
      0.96          0          0          0
      0.97          0          0          0
      0.98          0          0          0
      0.99          0          0          0
