         0          1   0.235879   0.381719
      0.01   0.963824    0.22484   0.364622
      0.02   0.963824    0.23846   0.382328
      0.03   0.963541   0.278959   0.432657
      0.04   0.958454   0.353427   0.516425
      0.05   0.953225    0.38295   0.546392
      0.06    0.93111   0.419927   0.578812
      0.07   0.882569   0.448126   0.594429
      0.08   0.804776   0.500424   0.617115
      0.09    0.74599   0.538659   0.625594
       0.1   0.680068   0.611964   0.644221
      0.11   0.625026   0.653448   0.638921
      0.12   0.576203   0.665107   0.617471
      0.13   0.489508   0.657895   0.561345
      0.14   0.435597   0.642593   0.519225
      0.15   0.349749    0.63986   0.452281
      0.16   0.284533   0.623671   0.390783
      0.17   0.205893   0.577513   0.303561
      0.18   0.152618   0.547048   0.238655
      0.19   0.135095   0.537561   0.215926
       0.2   0.129443   0.525732   0.207737
      0.21   0.107398   0.486218   0.175934
      0.22  0.0898043   0.766129   0.160764
      0.23     0.0732   0.851064   0.134805
      0.24  0.0566664   0.932886   0.106843
      0.25  0.0495301       0.92  0.0939996
      0.26  0.0308062   0.850746  0.0594593
      0.27   0.022822   0.772727  0.0443346
      0.28 0.00621776       0.75  0.0123333
      0.29  0.0027556   0.666667 0.00548851
       0.3          0          0          0
      0.31          0          0          0
      0.32          0          0          0
      0.33          0          0          0
      0.34          0          0          0
      0.35          0          0          0
      0.36          0          0          0
      0.37          0          0          0
      0.38          0          0          0
      0.39          0          0          0
       0.4          0          0          0
      0.41          0          0          0
      0.42          0          0          0
      0.43          0          0          0
      0.44          0          0          0
      0.45          0          0          0
      0.46          0          0          0
      0.47          0          0          0
      0.48          0          0          0
      0.49          0          0          0
       0.5          0          0          0
      0.51          0          0          0
      0.52          0          0          0
      0.53          0          0          0
      0.54          0          0          0
      0.55          0          0          0
      0.56          0          0          0
      0.57          0          0          0
      0.58          0          0          0
      0.59          0          0          0
       0.6          0          0          0
      0.61          0          0          0
      0.62          0          0          0
      0.63          0          0          0
      0.64          0          0          0
      0.65          0          0          0
      0.66          0          0          0
      0.67          0          0          0
      0.68          0          0          0
      0.69          0          0          0
       0.7          0          0          0
      0.71          0          0          0
      0.72          0          0          0
      0.73          0          0          0
      0.74          0          0          0
      0.75          0          0          0
      0.76          0          0          0
      0.77          0          0          0
      0.78          0          0          0
      0.79          0          0          0
       0.8          0          0          0
      0.81          0          0          0
      0.82          0          0          0
      0.83          0          0          0
      0.84          0          0          0
      0.85          0          0          0
      0.86          0          0          0
      0.87          0          0          0
      0.88          0          0          0
      0.89          0          0          0
       0.9          0          0          0
      0.91          0          0          0
      0.92          0          0          0
      0.93          0          0          0
      0.94          0          0          0
      0.95          0          0          0
      0.96          0          0          0
      0.97          0          0          0
      0.98          0          0          0
      0.99          0          0          0
