         0          1    0.32957   0.495755
      0.01   0.992852   0.329188    0.49444
      0.02   0.992852   0.346006   0.513173
      0.03   0.992852   0.361533   0.530054
      0.04   0.992852   0.368954   0.537987
      0.05   0.992128   0.374564   0.543817
      0.06   0.988469   0.397466   0.566957
      0.07   0.983321   0.425075   0.593562
      0.08   0.959578    0.48463   0.644007
      0.09   0.944388   0.534312   0.682488
       0.1   0.909412   0.601187   0.723854
      0.11   0.862012   0.644463   0.737529
      0.12   0.818654   0.662995   0.732648
      0.13   0.760574   0.679049   0.717503
      0.14   0.726066   0.686482   0.705719
      0.15   0.670539   0.700743   0.685308
      0.16   0.636244   0.711295   0.671679
      0.17   0.576376   0.735433   0.646262
      0.18   0.521615   0.751252   0.615719
      0.19    0.43375   0.777039   0.556729
       0.2   0.376904   0.800493   0.512502
      0.21   0.300443   0.845969    0.44341
      0.22   0.235597   0.889895    0.37256
      0.23    0.20194   0.926325   0.331593
      0.24   0.145179   0.965894   0.252418
      0.25    0.11999    0.98917   0.214018
      0.26  0.0825462          1   0.152504
      0.27  0.0502085          1  0.0956162
      0.28 0.00616969          1  0.0122637
      0.29          0          0          0
       0.3          0          0          0
      0.31          0          0          0
      0.32          0          0          0
      0.33          0          0          0
      0.34          0          0          0
      0.35          0          0          0
      0.36          0          0          0
      0.37          0          0          0
      0.38          0          0          0
      0.39          0          0          0
       0.4          0          0          0
      0.41          0          0          0
      0.42          0          0          0
      0.43          0          0          0
      0.44          0          0          0
      0.45          0          0          0
      0.46          0          0          0
      0.47          0          0          0
      0.48          0          0          0
      0.49          0          0          0
       0.5          0          0          0
      0.51          0          0          0
      0.52          0          0          0
      0.53          0          0          0
      0.54          0          0          0
      0.55          0          0          0
      0.56          0          0          0
      0.57          0          0          0
      0.58          0          0          0
      0.59          0          0          0
       0.6          0          0          0
      0.61          0          0          0
      0.62          0          0          0
      0.63          0          0          0
      0.64          0          0          0
      0.65          0          0          0
      0.66          0          0          0
      0.67          0          0          0
      0.68          0          0          0
      0.69          0          0          0
       0.7          0          0          0
      0.71          0          0          0
      0.72          0          0          0
      0.73          0          0          0
      0.74          0          0          0
      0.75          0          0          0
      0.76          0          0          0
      0.77          0          0          0
      0.78          0          0          0
      0.79          0          0          0
       0.8          0          0          0
      0.81          0          0          0
      0.82          0          0          0
      0.83          0          0          0
      0.84          0          0          0
      0.85          0          0          0
      0.86          0          0          0
      0.87          0          0          0
      0.88          0          0          0
      0.89          0          0          0
       0.9          0          0          0
      0.91          0          0          0
      0.92          0          0          0
      0.93          0          0          0
      0.94          0          0          0
      0.95          0          0          0
      0.96          0          0          0
      0.97          0          0          0
      0.98          0          0          0
      0.99          0          0          0
