         0          1   0.256164   0.407851
      0.01   0.978468   0.228622   0.370642
      0.02   0.978468   0.228709   0.370757
      0.03   0.978468   0.231614   0.374565
      0.04   0.978468   0.266253     0.4186
      0.05   0.971445   0.323962   0.485888
      0.06   0.968543   0.404627   0.570794
      0.07   0.966106   0.449491    0.61353
      0.08   0.953105   0.490642   0.647805
      0.09   0.945038   0.504775   0.658059
       0.1   0.923041   0.516865   0.662665
      0.11   0.889959   0.535898   0.668969
      0.12   0.868485   0.550102   0.673565
      0.13   0.828381   0.565042   0.671828
      0.14    0.80325   0.568893   0.666058
      0.15   0.721938   0.562222   0.632148
      0.16   0.637377   0.559462   0.595883
      0.17   0.534997   0.562241   0.548281
      0.18   0.485142   0.563832   0.521536
      0.19    0.41805   0.561051   0.479108
       0.2   0.385607   0.567094   0.459064
      0.21   0.364364   0.582874   0.448416
      0.22   0.320197   0.592542   0.415738
      0.23   0.273593   0.600109   0.375839
      0.24   0.226407   0.611429   0.330451
      0.25   0.190946   0.560173   0.284809
      0.26   0.106616   0.427509    0.17067
      0.27  0.0593732   0.314554  0.0998915
      0.28   0.022751   0.199623  0.0408467
      0.29  0.0192107   0.184261  0.0347938
       0.3  0.0172954   0.148297   0.030978
      0.31  0.0130586    0.12731  0.0236875
      0.32  0.0122461   0.107822  0.0219941
      0.33          0          0          0
      0.34          0          0          0
      0.35          0          0          0
      0.36          0          0          0
      0.37          0          0          0
      0.38          0          0          0
      0.39          0          0          0
       0.4          0          0          0
      0.41          0          0          0
      0.42          0          0          0
      0.43          0          0          0
      0.44          0          0          0
      0.45          0          0          0
      0.46          0          0          0
      0.47          0          0          0
      0.48          0          0          0
      0.49          0          0          0
       0.5          0          0          0
      0.51          0          0          0
      0.52          0          0          0
      0.53          0          0          0
      0.54          0          0          0
      0.55          0          0          0
      0.56          0          0          0
      0.57          0          0          0
      0.58          0          0          0
      0.59          0          0          0
       0.6          0          0          0
      0.61          0          0          0
      0.62          0          0          0
      0.63          0          0          0
      0.64          0          0          0
      0.65          0          0          0
      0.66          0          0          0
      0.67          0          0          0
      0.68          0          0          0
      0.69          0          0          0
       0.7          0          0          0
      0.71          0          0          0
      0.72          0          0          0
      0.73          0          0          0
      0.74          0          0          0
      0.75          0          0          0
      0.76          0          0          0
      0.77          0          0          0
      0.78          0          0          0
      0.79          0          0          0
       0.8          0          0          0
      0.81          0          0          0
      0.82          0          0          0
      0.83          0          0          0
      0.84          0          0          0
      0.85          0          0          0
      0.86          0          0          0
      0.87          0          0          0
      0.88          0          0          0
      0.89          0          0          0
       0.9          0          0          0
      0.91          0          0          0
      0.92          0          0          0
      0.93          0          0          0
      0.94          0          0          0
      0.95          0          0          0
      0.96          0          0          0
      0.97          0          0          0
      0.98          0          0          0
      0.99          0          0          0
