         0          1   0.382258   0.553092
      0.01   0.987437   0.418659    0.58801
      0.02   0.987151   0.434017   0.602941
      0.03   0.986936   0.463876   0.631117
      0.04   0.986614   0.504527   0.667641
      0.05   0.986292   0.510895   0.673118
      0.06   0.970543   0.512063   0.670413
      0.07   0.953434   0.512856   0.666954
      0.08   0.934178    0.51474   0.663749
      0.09   0.912524   0.515588   0.658893
       0.1   0.874083   0.516579   0.649378
      0.11    0.82154   0.518396   0.635677
      0.12   0.780486   0.520549   0.624551
      0.13   0.723075   0.529526   0.611347
      0.14   0.694406   0.539262   0.607079
      0.15   0.657719   0.553476   0.601111
      0.16   0.628798    0.56885   0.597324
      0.17   0.596514   0.600836   0.598667
      0.18   0.567844   0.614671    0.59033
      0.19   0.531622    0.64347   0.582223
       0.2   0.505601   0.663284   0.573807
      0.21   0.467053   0.686874   0.556026
      0.22   0.424532   0.704629    0.52984
      0.23   0.401088    0.72474   0.516392
      0.24   0.301013   0.740061   0.427958
      0.25   0.236909   0.736082    0.35845
      0.26    0.14818   0.712712   0.245349
      0.27   0.101793   0.704241   0.177876
      0.28  0.0594152   0.609626   0.108277
      0.29  0.0197931   0.526829  0.0381528
       0.3 0.00859014   0.413919   0.016831
      0.31 0.00526146   0.356481  0.0103699
      0.32 0.00397294    0.31875 0.00784806
      0.33          0          0          0
      0.34          0          0          0
      0.35          0          0          0
      0.36          0          0          0
      0.37          0          0          0
      0.38          0          0          0
      0.39          0          0          0
       0.4          0          0          0
      0.41          0          0          0
      0.42          0          0          0
      0.43          0          0          0
      0.44          0          0          0
      0.45          0          0          0
      0.46          0          0          0
      0.47          0          0          0
      0.48          0          0          0
      0.49          0          0          0
       0.5          0          0          0
      0.51          0          0          0
      0.52          0          0          0
      0.53          0          0          0
      0.54          0          0          0
      0.55          0          0          0
      0.56          0          0          0
      0.57          0          0          0
      0.58          0          0          0
      0.59          0          0          0
       0.6          0          0          0
      0.61          0          0          0
      0.62          0          0          0
      0.63          0          0          0
      0.64          0          0          0
      0.65          0          0          0
      0.66          0          0          0
      0.67          0          0          0
      0.68          0          0          0
      0.69          0          0          0
       0.7          0          0          0
      0.71          0          0          0
      0.72          0          0          0
      0.73          0          0          0
      0.74          0          0          0
      0.75          0          0          0
      0.76          0          0          0
      0.77          0          0          0
      0.78          0          0          0
      0.79          0          0          0
       0.8          0          0          0
      0.81          0          0          0
      0.82          0          0          0
      0.83          0          0          0
      0.84          0          0          0
      0.85          0          0          0
      0.86          0          0          0
      0.87          0          0          0
      0.88          0          0          0
      0.89          0          0          0
       0.9          0          0          0
      0.91          0          0          0
      0.92          0          0          0
      0.93          0          0          0
      0.94          0          0          0
      0.95          0          0          0
      0.96          0          0          0
      0.97          0          0          0
      0.98          0          0          0
      0.99          0          0          0
