         0          1   0.331079    0.49746
      0.01   0.986687    0.31092    0.47284
      0.02   0.986687    0.31092    0.47284
      0.03   0.986687    0.31092    0.47284
      0.04   0.986687   0.310897   0.472814
      0.05   0.986687   0.310716   0.472605
      0.06   0.983577   0.309633   0.470995
      0.07   0.978185   0.309437   0.470149
      0.08   0.973665   0.310341   0.470665
      0.09   0.969476   0.310892   0.470806
       0.1   0.961389   0.312748   0.471963
      0.11   0.950979   0.316273   0.474679
      0.12   0.937956   0.320503   0.477755
      0.13   0.907847   0.326828   0.480628
      0.14   0.883751   0.337134   0.488076
      0.15   0.845305   0.352004   0.497033
      0.16   0.809265   0.364534   0.502649
      0.17   0.753567   0.387944   0.512202
      0.18   0.711845   0.408031   0.518726
      0.19   0.626244   0.439613   0.516589
       0.2   0.578675   0.461048   0.513207
      0.21   0.483286   0.499372   0.491197
      0.22   0.392958   0.536701   0.453717
      0.23   0.338628   0.553613    0.42022
      0.24   0.229512   0.546296   0.323228
      0.25   0.165436   0.519894   0.251001
      0.26  0.0982498   0.503077   0.164394
      0.27  0.0622512   0.446469   0.109267
      0.28  0.0205707   0.269231   0.038221
      0.29 0.00418879    0.18543 0.00819251
       0.3 0.00124419   0.144737 0.00246718
      0.31 0.000414731   0.108108 0.000826293
      0.32          0          0          0
      0.33          0          0          0
      0.34          0          0          0
      0.35          0          0          0
      0.36          0          0          0
      0.37          0          0          0
      0.38          0          0          0
      0.39          0          0          0
       0.4          0          0          0
      0.41          0          0          0
      0.42          0          0          0
      0.43          0          0          0
      0.44          0          0          0
      0.45          0          0          0
      0.46          0          0          0
      0.47          0          0          0
      0.48          0          0          0
      0.49          0          0          0
       0.5          0          0          0
      0.51          0          0          0
      0.52          0          0          0
      0.53          0          0          0
      0.54          0          0          0
      0.55          0          0          0
      0.56          0          0          0
      0.57          0          0          0
      0.58          0          0          0
      0.59          0          0          0
       0.6          0          0          0
      0.61          0          0          0
      0.62          0          0          0
      0.63          0          0          0
      0.64          0          0          0
      0.65          0          0          0
      0.66          0          0          0
      0.67          0          0          0
      0.68          0          0          0
      0.69          0          0          0
       0.7          0          0          0
      0.71          0          0          0
      0.72          0          0          0
      0.73          0          0          0
      0.74          0          0          0
      0.75          0          0          0
      0.76          0          0          0
      0.77          0          0          0
      0.78          0          0          0
      0.79          0          0          0
       0.8          0          0          0
      0.81          0          0          0
      0.82          0          0          0
      0.83          0          0          0
      0.84          0          0          0
      0.85          0          0          0
      0.86          0          0          0
      0.87          0          0          0
      0.88          0          0          0
      0.89          0          0          0
       0.9          0          0          0
      0.91          0          0          0
      0.92          0          0          0
      0.93          0          0          0
      0.94          0          0          0
      0.95          0          0          0
      0.96          0          0          0
      0.97          0          0          0
      0.98          0          0          0
      0.99          0          0          0
