         0          1   0.339259   0.506637
      0.01   0.993235   0.307688    0.46983
      0.02    0.99022   0.308144   0.470023
      0.03   0.989563   0.340166   0.506292
      0.04    0.98763    0.57365   0.725756
      0.05   0.984345   0.672663   0.799191
      0.06   0.973792   0.710978   0.821886
      0.07   0.962891   0.725812    0.82771
      0.08   0.938771   0.735757   0.824957
      0.09   0.911635    0.73694   0.815032
       0.1   0.829455   0.732282   0.777845
      0.11   0.766254   0.731227   0.748331
      0.12    0.71465   0.717673   0.716159
      0.13   0.606107   0.674617    0.63853
      0.14   0.514264   0.624971   0.564238
      0.15   0.365249   0.535194   0.434185
      0.16   0.282915   0.476655   0.355076
      0.17    0.17499   0.419678   0.246993
      0.18   0.138539   0.436788   0.210357
      0.19  0.0971009   0.890196   0.175102
       0.2  0.0747198   0.949153   0.138534
      0.21   0.050058   0.951493  0.0951121
      0.22   0.040201   0.949153   0.077135
      0.23  0.0287205   0.945736  0.0557481
      0.24  0.0175879   0.941176  0.0345306
      0.25  0.0120216          1  0.0237577
      0.26 0.00517974          1  0.0103061
      0.27 0.00228063          1 0.00455089
      0.28          0          0          0
      0.29          0          0          0
       0.3          0          0          0
      0.31          0          0          0
      0.32          0          0          0
      0.33          0          0          0
      0.34          0          0          0
      0.35          0          0          0
      0.36          0          0          0
      0.37          0          0          0
      0.38          0          0          0
      0.39          0          0          0
       0.4          0          0          0
      0.41          0          0          0
      0.42          0          0          0
      0.43          0          0          0
      0.44          0          0          0
      0.45          0          0          0
      0.46          0          0          0
      0.47          0          0          0
      0.48          0          0          0
      0.49          0          0          0
       0.5          0          0          0
      0.51          0          0          0
      0.52          0          0          0
      0.53          0          0          0
      0.54          0          0          0
      0.55          0          0          0
      0.56          0          0          0
      0.57          0          0          0
      0.58          0          0          0
      0.59          0          0          0
       0.6          0          0          0
      0.61          0          0          0
      0.62          0          0          0
      0.63          0          0          0
      0.64          0          0          0
      0.65          0          0          0
      0.66          0          0          0
      0.67          0          0          0
      0.68          0          0          0
      0.69          0          0          0
       0.7          0          0          0
      0.71          0          0          0
      0.72          0          0          0
      0.73          0          0          0
      0.74          0          0          0
      0.75          0          0          0
      0.76          0          0          0
      0.77          0          0          0
      0.78          0          0          0
      0.79          0          0          0
       0.8          0          0          0
      0.81          0          0          0
      0.82          0          0          0
      0.83          0          0          0
      0.84          0          0          0
      0.85          0          0          0
      0.86          0          0          0
      0.87          0          0          0
      0.88          0          0          0
      0.89          0          0          0
       0.9          0          0          0
      0.91          0          0          0
      0.92          0          0          0
      0.93          0          0          0
      0.94          0          0          0
      0.95          0          0          0
      0.96          0          0          0
      0.97          0          0          0
      0.98          0          0          0
      0.99          0          0          0
