         0          1   0.310743   0.474148
      0.01   0.985521    0.28729    0.44489
      0.02   0.985521   0.287311   0.444915
      0.03   0.985521   0.287385   0.445004
      0.04   0.985521    0.29727   0.456763
      0.05   0.985281   0.339538   0.505035
      0.06   0.983997   0.351002   0.517431
      0.07   0.980107   0.363882   0.530723
      0.08   0.964545   0.392764    0.55822
      0.09   0.953195   0.419592   0.582688
       0.1   0.940681   0.473808   0.630195
      0.11   0.922913   0.529326   0.672784
      0.12   0.913087   0.563393   0.696829
      0.13   0.894196   0.607796   0.723691
      0.14   0.870052   0.630819   0.731369
      0.15   0.822003   0.651127   0.726654
      0.16   0.782417   0.655788   0.713528
      0.17   0.726307   0.655477   0.689076
      0.18   0.680063   0.649861   0.664619
      0.19   0.605663   0.630451   0.617808
       0.2   0.539686   0.606415   0.571108
      0.21   0.449324   0.570517    0.50272
      0.22   0.371796   0.535687   0.438943
      0.23   0.326635   0.514821   0.399685
      0.24   0.232583   0.478554    0.31303
      0.25   0.158745   0.409685   0.228825
      0.26  0.0867525   0.312753   0.135828
      0.27  0.0556291   0.247944  0.0908703
      0.28  0.0112301   0.186047  0.0211816
      0.29 0.00850279    0.18865  0.0162722
       0.3 0.00316849   0.225389 0.00624913
      0.31 0.00080215   0.134969 0.00159482
      0.32 0.00016043      0.125 0.000320449
      0.33          0          0          0
      0.34          0          0          0
      0.35          0          0          0
      0.36          0          0          0
      0.37          0          0          0
      0.38          0          0          0
      0.39          0          0          0
       0.4          0          0          0
      0.41          0          0          0
      0.42          0          0          0
      0.43          0          0          0
      0.44          0          0          0
      0.45          0          0          0
      0.46          0          0          0
      0.47          0          0          0
      0.48          0          0          0
      0.49          0          0          0
       0.5          0          0          0
      0.51          0          0          0
      0.52          0          0          0
      0.53          0          0          0
      0.54          0          0          0
      0.55          0          0          0
      0.56          0          0          0
      0.57          0          0          0
      0.58          0          0          0
      0.59          0          0          0
       0.6          0          0          0
      0.61          0          0          0
      0.62          0          0          0
      0.63          0          0          0
      0.64          0          0          0
      0.65          0          0          0
      0.66          0          0          0
      0.67          0          0          0
      0.68          0          0          0
      0.69          0          0          0
       0.7          0          0          0
      0.71          0          0          0
      0.72          0          0          0
      0.73          0          0          0
      0.74          0          0          0
      0.75          0          0          0
      0.76          0          0          0
      0.77          0          0          0
      0.78          0          0          0
      0.79          0          0          0
       0.8          0          0          0
      0.81          0          0          0
      0.82          0          0          0
      0.83          0          0          0
      0.84          0          0          0
      0.85          0          0          0
      0.86          0          0          0
      0.87          0          0          0
      0.88          0          0          0
      0.89          0          0          0
       0.9          0          0          0
      0.91          0          0          0
      0.92          0          0          0
      0.93          0          0          0
      0.94          0          0          0
      0.95          0          0          0
      0.96          0          0          0
      0.97          0          0          0
      0.98          0          0          0
      0.99          0          0          0
