         0          1   0.171113   0.292223
      0.01   0.993904   0.146186   0.254883
      0.02   0.993904   0.146552   0.255439
      0.03   0.993904   0.147045   0.256188
      0.04   0.993904   0.147739    0.25724
      0.05   0.993427   0.149109   0.259298
      0.06   0.991046   0.152978   0.265043
      0.07   0.987521   0.159676   0.274902
      0.08   0.977615    0.17848   0.301852
      0.09   0.953039   0.200811   0.331726
       0.1   0.909697    0.25086   0.393271
      0.11   0.857782   0.315349   0.461161
      0.12   0.818061   0.360747   0.500698
      0.13   0.743951   0.408529   0.527429
      0.14    0.68213   0.427345   0.525483
      0.15   0.584302   0.431064   0.496119
      0.16   0.501048   0.413448   0.453052
      0.17   0.371023   0.374191     0.3726
      0.18    0.30682   0.353099   0.328337
      0.19   0.240046   0.303153   0.267934
       0.2    0.18394   0.266501   0.217654
      0.21    0.13955   0.227766   0.173065
      0.22   0.119737   0.193666   0.147982
      0.23    0.10602   0.179693   0.133358
      0.24  0.0853496   0.167625   0.113108
      0.25  0.0670604   0.142012  0.0911012
      0.26  0.0346733   0.112827   0.053045
      0.27  0.0276243  0.0912698  0.0424119
      0.28  0.0198133  0.0728814  0.0311565
      0.29 0.00828729  0.0687361  0.0147913
       0.3 0.00704896  0.0972763  0.0131454
      0.31 0.00438179   0.150943 0.00851635
      0.32 0.00438179   0.323529 0.00864647
      0.33          0          0          0
      0.34          0          0          0
      0.35          0          0          0
      0.36          0          0          0
      0.37          0          0          0
      0.38          0          0          0
      0.39          0          0          0
       0.4          0          0          0
      0.41          0          0          0
      0.42          0          0          0
      0.43          0          0          0
      0.44          0          0          0
      0.45          0          0          0
      0.46          0          0          0
      0.47          0          0          0
      0.48          0          0          0
      0.49          0          0          0
       0.5          0          0          0
      0.51          0          0          0
      0.52          0          0          0
      0.53          0          0          0
      0.54          0          0          0
      0.55          0          0          0
      0.56          0          0          0
      0.57          0          0          0
      0.58          0          0          0
      0.59          0          0          0
       0.6          0          0          0
      0.61          0          0          0
      0.62          0          0          0
      0.63          0          0          0
      0.64          0          0          0
      0.65          0          0          0
      0.66          0          0          0
      0.67          0          0          0
      0.68          0          0          0
      0.69          0          0          0
       0.7          0          0          0
      0.71          0          0          0
      0.72          0          0          0
      0.73          0          0          0
      0.74          0          0          0
      0.75          0          0          0
      0.76          0          0          0
      0.77          0          0          0
      0.78          0          0          0
      0.79          0          0          0
       0.8          0          0          0
      0.81          0          0          0
      0.82          0          0          0
      0.83          0          0          0
      0.84          0          0          0
      0.85          0          0          0
      0.86          0          0          0
      0.87          0          0          0
      0.88          0          0          0
      0.89          0          0          0
       0.9          0          0          0
      0.91          0          0          0
      0.92          0          0          0
      0.93          0          0          0
      0.94          0          0          0
      0.95          0          0          0
      0.96          0          0          0
      0.97          0          0          0
      0.98          0          0          0
      0.99          0          0          0
