         0          1   0.391539   0.562742
      0.01     0.9795   0.406573   0.574628
      0.02     0.9795   0.407903   0.575955
      0.03   0.979429   0.411325   0.579346
      0.04    0.97582   0.419833   0.587082
      0.05   0.961312   0.424784   0.589209
      0.06   0.914879   0.426892   0.582148
      0.07   0.865048   0.428673   0.573265
      0.08   0.783116   0.441569   0.564717
      0.09   0.747512   0.463684   0.572342
       0.1   0.683698   0.505398    0.58118
      0.11   0.602923   0.577768   0.590078
      0.12   0.547274    0.63249   0.586804
      0.13   0.450203   0.685488   0.543473
      0.14   0.409272   0.717489   0.521226
      0.15   0.352993   0.744786   0.478975
      0.16    0.31413   0.746383   0.442165
      0.17   0.264718   0.738587   0.389747
      0.18    0.23374   0.716371   0.352473
      0.19   0.198766   0.671618    0.30675
       0.2   0.166526   0.619575     0.2625
      0.21   0.125561     0.5437   0.204008
      0.22  0.0952481   0.480874   0.159002
      0.23  0.0834385   0.428571   0.139682
      0.24  0.0479394   0.293103  0.0824015
      0.25  0.0282801   0.173815  0.0486454
      0.26 0.00199748  0.0126984 0.00345196
      0.27          0          0          0
      0.28          0          0          0
      0.29          0          0          0
       0.3          0          0          0
      0.31          0          0          0
      0.32          0          0          0
      0.33          0          0          0
      0.34          0          0          0
      0.35          0          0          0
      0.36          0          0          0
      0.37          0          0          0
      0.38          0          0          0
      0.39          0          0          0
       0.4          0          0          0
      0.41          0          0          0
      0.42          0          0          0
      0.43          0          0          0
      0.44          0          0          0
      0.45          0          0          0
      0.46          0          0          0
      0.47          0          0          0
      0.48          0          0          0
      0.49          0          0          0
       0.5          0          0          0
      0.51          0          0          0
      0.52          0          0          0
      0.53          0          0          0
      0.54          0          0          0
      0.55          0          0          0
      0.56          0          0          0
      0.57          0          0          0
      0.58          0          0          0
      0.59          0          0          0
       0.6          0          0          0
      0.61          0          0          0
      0.62          0          0          0
      0.63          0          0          0
      0.64          0          0          0
      0.65          0          0          0
      0.66          0          0          0
      0.67          0          0          0
      0.68          0          0          0
      0.69          0          0          0
       0.7          0          0          0
      0.71          0          0          0
      0.72          0          0          0
      0.73          0          0          0
      0.74          0          0          0
      0.75          0          0          0
      0.76          0          0          0
      0.77          0          0          0
      0.78          0          0          0
      0.79          0          0          0
       0.8          0          0          0
      0.81          0          0          0
      0.82          0          0          0
      0.83          0          0          0
      0.84          0          0          0
      0.85          0          0          0
      0.86          0          0          0
      0.87          0          0          0
      0.88          0          0          0
      0.89          0          0          0
       0.9          0          0          0
      0.91          0          0          0
      0.92          0          0          0
      0.93          0          0          0
      0.94          0          0          0
      0.95          0          0          0
      0.96          0          0          0
      0.97          0          0          0
      0.98          0          0          0
      0.99          0          0          0
