         0          1   0.216663    0.35616
      0.01   0.995607   0.162073   0.278766
      0.02   0.995607   0.162073   0.278766
      0.03   0.995607   0.162083   0.278781
      0.04   0.995607   0.269625   0.424334
      0.05   0.995607   0.511419   0.675731
      0.06   0.994882   0.624377   0.767241
      0.07   0.992663   0.644599   0.781634
      0.08   0.989402   0.649596   0.784274
      0.09   0.987681   0.653721   0.786727
       0.1   0.986187   0.663206   0.793073
      0.11   0.985734   0.679773    0.80465
      0.12   0.984466   0.686633   0.809008
      0.13   0.980661   0.701005    0.81758
      0.14   0.977264   0.711026   0.823153
      0.15   0.969067   0.727406   0.831025
      0.16   0.966033   0.738572   0.837126
      0.17   0.923596   0.738117   0.820505
      0.18   0.900498   0.731456   0.807222
      0.19   0.837908   0.709691   0.768488
       0.2   0.789176   0.690493   0.736544
      0.21   0.682835   0.659013   0.670713
      0.22   0.580389   0.612944   0.596223
      0.23   0.488406    0.56839   0.525371
      0.24    0.30865   0.413091   0.353314
      0.25   0.147509    0.26418   0.189313
      0.26  0.0546649   0.168646  0.0825666
      0.27  0.0298913   0.104322  0.0464681
      0.28 0.00375906   0.100877 0.00724803
      0.29 0.000634058          1 0.00126731
       0.3          0          0          0
      0.31          0          0          0
      0.32          0          0          0
      0.33          0          0          0
      0.34          0          0          0
      0.35          0          0          0
      0.36          0          0          0
      0.37          0          0          0
      0.38          0          0          0
      0.39          0          0          0
       0.4          0          0          0
      0.41          0          0          0
      0.42          0          0          0
      0.43          0          0          0
      0.44          0          0          0
      0.45          0          0          0
      0.46          0          0          0
      0.47          0          0          0
      0.48          0          0          0
      0.49          0          0          0
       0.5          0          0          0
      0.51          0          0          0
      0.52          0          0          0
      0.53          0          0          0
      0.54          0          0          0
      0.55          0          0          0
      0.56          0          0          0
      0.57          0          0          0
      0.58          0          0          0
      0.59          0          0          0
       0.6          0          0          0
      0.61          0          0          0
      0.62          0          0          0
      0.63          0          0          0
      0.64          0          0          0
      0.65          0          0          0
      0.66          0          0          0
      0.67          0          0          0
      0.68          0          0          0
      0.69          0          0          0
       0.7          0          0          0
      0.71          0          0          0
      0.72          0          0          0
      0.73          0          0          0
      0.74          0          0          0
      0.75          0          0          0
      0.76          0          0          0
      0.77          0          0          0
      0.78          0          0          0
      0.79          0          0          0
       0.8          0          0          0
      0.81          0          0          0
      0.82          0          0          0
      0.83          0          0          0
      0.84          0          0          0
      0.85          0          0          0
      0.86          0          0          0
      0.87          0          0          0
      0.88          0          0          0
      0.89          0          0          0
       0.9          0          0          0
      0.91          0          0          0
      0.92          0          0          0
      0.93          0          0          0
      0.94          0          0          0
      0.95          0          0          0
      0.96          0          0          0
      0.97          0          0          0
      0.98          0          0          0
      0.99          0          0          0
