         0          1   0.205491   0.340925
      0.01   0.983918   0.223135   0.363773
      0.02   0.983918   0.224283   0.365296
      0.03   0.983918   0.232128   0.375635
      0.04   0.983751   0.263455   0.415607
      0.05   0.981002   0.290424   0.448169
      0.06   0.957004   0.325836    0.48615
      0.07   0.932839    0.36003   0.519542
      0.08   0.871677   0.414588   0.561916
      0.09   0.815682   0.465935   0.593086
       0.1   0.718607   0.546458    0.62082
      0.11   0.630531   0.583285   0.605988
      0.12   0.578535   0.607063   0.592456
      0.13   0.453296    0.56741   0.503974
      0.14   0.367136   0.506262   0.425618
      0.15   0.246563   0.398876   0.304748
      0.16   0.170069   0.342756   0.227338
      0.17  0.0926589   0.273292   0.138395
      0.18  0.0584118   0.252465  0.0948732
      0.19  0.0447463   0.359551  0.0795878
       0.2    0.03983   0.534591  0.0741365
      0.21  0.0311641   0.827957  0.0600672
      0.22  0.0294975          1  0.0573047
      0.23  0.0258312          1  0.0503615
      0.24  0.0244146          1  0.0476655
      0.25  0.0205816          1  0.0403331
      0.26   0.019665          1  0.0385715
      0.27 0.00783268          1  0.0155436
      0.28          0          0          0
      0.29          0          0          0
       0.3          0          0          0
      0.31          0          0          0
      0.32          0          0          0
      0.33          0          0          0
      0.34          0          0          0
      0.35          0          0          0
      0.36          0          0          0
      0.37          0          0          0
      0.38          0          0          0
      0.39          0          0          0
       0.4          0          0          0
      0.41          0          0          0
      0.42          0          0          0
      0.43          0          0          0
      0.44          0          0          0
      0.45          0          0          0
      0.46          0          0          0
      0.47          0          0          0
      0.48          0          0          0
      0.49          0          0          0
       0.5          0          0          0
      0.51          0          0          0
      0.52          0          0          0
      0.53          0          0          0
      0.54          0          0          0
      0.55          0          0          0
      0.56          0          0          0
      0.57          0          0          0
      0.58          0          0          0
      0.59          0          0          0
       0.6          0          0          0
      0.61          0          0          0
      0.62          0          0          0
      0.63          0          0          0
      0.64          0          0          0
      0.65          0          0          0
      0.66          0          0          0
      0.67          0          0          0
      0.68          0          0          0
      0.69          0          0          0
       0.7          0          0          0
      0.71          0          0          0
      0.72          0          0          0
      0.73          0          0          0
      0.74          0          0          0
      0.75          0          0          0
      0.76          0          0          0
      0.77          0          0          0
      0.78          0          0          0
      0.79          0          0          0
       0.8          0          0          0
      0.81          0          0          0
      0.82          0          0          0
      0.83          0          0          0
      0.84          0          0          0
      0.85          0          0          0
      0.86          0          0          0
      0.87          0          0          0
      0.88          0          0          0
      0.89          0          0          0
       0.9          0          0          0
      0.91          0          0          0
      0.92          0          0          0
      0.93          0          0          0
      0.94          0          0          0
      0.95          0          0          0
      0.96          0          0          0
      0.97          0          0          0
      0.98          0          0          0
      0.99          0          0          0
