         0          1   0.214804   0.353644
      0.01   0.966037   0.183902   0.308983
      0.02    0.96223   0.323025   0.483677
      0.03   0.960737   0.446816   0.609956
      0.04   0.950287   0.518964   0.671315
      0.05   0.927596   0.555452   0.694833
      0.06   0.871389   0.612107    0.71909
      0.07   0.842054   0.637794   0.725827
      0.08   0.802195   0.666599   0.728138
      0.09   0.772561     0.6848   0.726038
       0.1   0.712324   0.733458   0.722736
      0.11   0.669702   0.780227   0.720752
      0.12   0.632455   0.792632   0.703542
      0.13   0.549153   0.820826   0.658052
      0.14   0.510263    0.84283   0.635677
      0.15   0.456744   0.867121   0.598327
      0.16    0.42614   0.874924   0.573131
      0.17   0.390535   0.886505   0.542209
      0.18   0.367246   0.897218   0.521169
      0.19   0.316638   0.918945   0.470989
       0.2   0.277749   0.929716   0.427718
      0.21   0.226245   0.929174   0.363887
      0.22   0.176457   0.958231   0.298032
      0.23   0.156154    0.96519   0.268818
      0.24   0.118758   0.977169   0.211778
      0.25  0.0947227          1   0.173053
      0.26  0.0552362          1    0.10469
      0.27  0.0421736          1   0.080934
      0.28  0.0157498          1  0.0310112
      0.29   0.007539          1  0.0149652
       0.3          0          0          0
      0.31          0          0          0
      0.32          0          0          0
      0.33          0          0          0
      0.34          0          0          0
      0.35          0          0          0
      0.36          0          0          0
      0.37          0          0          0
      0.38          0          0          0
      0.39          0          0          0
       0.4          0          0          0
      0.41          0          0          0
      0.42          0          0          0
      0.43          0          0          0
      0.44          0          0          0
      0.45          0          0          0
      0.46          0          0          0
      0.47          0          0          0
      0.48          0          0          0
      0.49          0          0          0
       0.5          0          0          0
      0.51          0          0          0
      0.52          0          0          0
      0.53          0          0          0
      0.54          0          0          0
      0.55          0          0          0
      0.56          0          0          0
      0.57          0          0          0
      0.58          0          0          0
      0.59          0          0          0
       0.6          0          0          0
      0.61          0          0          0
      0.62          0          0          0
      0.63          0          0          0
      0.64          0          0          0
      0.65          0          0          0
      0.66          0          0          0
      0.67          0          0          0
      0.68          0          0          0
      0.69          0          0          0
       0.7          0          0          0
      0.71          0          0          0
      0.72          0          0          0
      0.73          0          0          0
      0.74          0          0          0
      0.75          0          0          0
      0.76          0          0          0
      0.77          0          0          0
      0.78          0          0          0
      0.79          0          0          0
       0.8          0          0          0
      0.81          0          0          0
      0.82          0          0          0
      0.83          0          0          0
      0.84          0          0          0
      0.85          0          0          0
      0.86          0          0          0
      0.87          0          0          0
      0.88          0          0          0
      0.89          0          0          0
       0.9          0          0          0
      0.91          0          0          0
      0.92          0          0          0
      0.93          0          0          0
      0.94          0          0          0
      0.95          0          0          0
      0.96          0          0          0
      0.97          0          0          0
      0.98          0          0          0
      0.99          0          0          0
