         0          1   0.406617   0.578148
      0.01   0.990645   0.418539   0.588459
      0.02   0.990645   0.423389   0.593236
      0.03   0.990645   0.498583   0.663322
      0.04   0.989258    0.52613   0.686924
      0.05   0.975781   0.543237   0.697925
      0.06   0.909743   0.576906   0.706066
      0.07   0.860948   0.597688   0.705561
      0.08   0.799548   0.611463    0.69297
      0.09   0.741161   0.613993    0.67161
       0.1   0.651697   0.613395   0.631966
      0.11    0.56033   0.606653   0.582572
      0.12   0.473482   0.587755   0.524466
      0.13   0.365903    0.54847    0.43896
      0.14   0.297685   0.508557   0.375545
      0.15   0.206199   0.443719   0.281557
      0.16   0.156017   0.402334   0.224844
      0.17  0.0956477    0.35745   0.150913
      0.18  0.0740051   0.312331   0.119658
      0.19  0.0388854   0.254545  0.0674646
       0.2  0.0218408   0.326019   0.040939
      0.21 0.00677818   0.307229  0.0132637
      0.22    0.00329   0.262712 0.00649861
      0.23 0.00170446   0.189189 0.00337847
      0.24          0          0          0
      0.25          0          0          0
      0.26          0          0          0
      0.27          0          0          0
      0.28          0          0          0
      0.29          0          0          0
       0.3          0          0          0
      0.31          0          0          0
      0.32          0          0          0
      0.33          0          0          0
      0.34          0          0          0
      0.35          0          0          0
      0.36          0          0          0
      0.37          0          0          0
      0.38          0          0          0
      0.39          0          0          0
       0.4          0          0          0
      0.41          0          0          0
      0.42          0          0          0
      0.43          0          0          0
      0.44          0          0          0
      0.45          0          0          0
      0.46          0          0          0
      0.47          0          0          0
      0.48          0          0          0
      0.49          0          0          0
       0.5          0          0          0
      0.51          0          0          0
      0.52          0          0          0
      0.53          0          0          0
      0.54          0          0          0
      0.55          0          0          0
      0.56          0          0          0
      0.57          0          0          0
      0.58          0          0          0
      0.59          0          0          0
       0.6          0          0          0
      0.61          0          0          0
      0.62          0          0          0
      0.63          0          0          0
      0.64          0          0          0
      0.65          0          0          0
      0.66          0          0          0
      0.67          0          0          0
      0.68          0          0          0
      0.69          0          0          0
       0.7          0          0          0
      0.71          0          0          0
      0.72          0          0          0
      0.73          0          0          0
      0.74          0          0          0
      0.75          0          0          0
      0.76          0          0          0
      0.77          0          0          0
      0.78          0          0          0
      0.79          0          0          0
       0.8          0          0          0
      0.81          0          0          0
      0.82          0          0          0
      0.83          0          0          0
      0.84          0          0          0
      0.85          0          0          0
      0.86          0          0          0
      0.87          0          0          0
      0.88          0          0          0
      0.89          0          0          0
       0.9          0          0          0
      0.91          0          0          0
      0.92          0          0          0
      0.93          0          0          0
      0.94          0          0          0
      0.95          0          0          0
      0.96          0          0          0
      0.97          0          0          0
      0.98          0          0          0
      0.99          0          0          0
