         0          1   0.364376   0.534128
      0.01   0.997565    0.36062    0.52974
      0.02   0.997565    0.36062    0.52974
      0.03   0.997565   0.360686    0.52981
      0.04   0.997565   0.361974   0.531199
      0.05   0.997358   0.365345    0.53479
      0.06   0.996374   0.374786   0.544688
      0.07   0.991505   0.381513   0.551008
      0.08   0.969438   0.396911   0.563224
      0.09   0.942813    0.41315   0.574534
       0.1    0.89842   0.441973   0.592479
      0.11   0.832686   0.470157   0.600983
      0.12   0.774825   0.495631   0.604551
      0.13   0.695105   0.535604   0.605019
      0.14   0.620927   0.562923   0.590504
      0.15   0.542916   0.601043   0.570503
      0.16   0.493085   0.623973    0.55086
      0.17   0.426677   0.653043   0.516131
      0.18   0.381766   0.675991   0.487958
      0.19   0.332038   0.714605   0.453404
       0.2   0.299456     0.7364   0.425772
      0.21   0.249521   0.771519   0.377086
      0.22   0.210567   0.787342   0.332272
      0.23   0.173427   0.790997   0.284481
      0.24   0.119969   0.750636   0.206875
      0.25  0.0896141   0.730835   0.159652
      0.26  0.0576535   0.688144   0.106393
      0.27  0.0283864   0.596838  0.0541953
      0.28  0.0110852   0.505618  0.0216948
      0.29 0.00714841   0.509934  0.0140992
       0.3 0.00637141   0.561983     0.0126
      0.31 0.00564621    0.47561  0.0111599
      0.32  0.0035224   0.454545 0.00699063
      0.33          0          0          0
      0.34          0          0          0
      0.35          0          0          0
      0.36          0          0          0
      0.37          0          0          0
      0.38          0          0          0
      0.39          0          0          0
       0.4          0          0          0
      0.41          0          0          0
      0.42          0          0          0
      0.43          0          0          0
      0.44          0          0          0
      0.45          0          0          0
      0.46          0          0          0
      0.47          0          0          0
      0.48          0          0          0
      0.49          0          0          0
       0.5          0          0          0
      0.51          0          0          0
      0.52          0          0          0
      0.53          0          0          0
      0.54          0          0          0
      0.55          0          0          0
      0.56          0          0          0
      0.57          0          0          0
      0.58          0          0          0
      0.59          0          0          0
       0.6          0          0          0
      0.61          0          0          0
      0.62          0          0          0
      0.63          0          0          0
      0.64          0          0          0
      0.65          0          0          0
      0.66          0          0          0
      0.67          0          0          0
      0.68          0          0          0
      0.69          0          0          0
       0.7          0          0          0
      0.71          0          0          0
      0.72          0          0          0
      0.73          0          0          0
      0.74          0          0          0
      0.75          0          0          0
      0.76          0          0          0
      0.77          0          0          0
      0.78          0          0          0
      0.79          0          0          0
       0.8          0          0          0
      0.81          0          0          0
      0.82          0          0          0
      0.83          0          0          0
      0.84          0          0          0
      0.85          0          0          0
      0.86          0          0          0
      0.87          0          0          0
      0.88          0          0          0
      0.89          0          0          0
       0.9          0          0          0
      0.91          0          0          0
      0.92          0          0          0
      0.93          0          0          0
      0.94          0          0          0
      0.95          0          0          0
      0.96          0          0          0
      0.97          0          0          0
      0.98          0          0          0
      0.99          0          0          0
