         0          1   0.374026   0.544424
      0.01   0.973247   0.366113   0.532073
      0.02   0.953167   0.371242    0.53436
      0.03    0.94417   0.371714   0.533423
      0.04   0.924745   0.373588    0.53218
      0.05   0.911279   0.376137   0.532487
      0.06    0.88828   0.383289   0.535508
      0.07   0.874278    0.38971   0.539111
      0.08   0.855628   0.399381   0.544572
      0.09   0.845975   0.405072    0.54783
       0.1   0.821248   0.409604   0.546591
      0.11    0.79658   0.414257   0.545059
      0.12   0.762677   0.414265     0.5369
      0.13   0.699279   0.418281   0.523453
      0.14   0.651969   0.425375   0.514843
      0.15   0.552285   0.452523   0.497451
      0.16   0.500149   0.479588   0.489652
      0.17   0.408687   0.550088   0.468961
      0.18   0.326521   0.610366   0.425446
      0.19   0.240481   0.717824   0.360268
       0.2   0.202765   0.778296   0.321715
      0.21   0.151046   0.854776   0.256726
      0.22   0.117023   0.927694    0.20783
      0.23    0.10177   0.953871   0.183917
      0.24  0.0799619   0.977099   0.147826
      0.25  0.0705476   0.992883   0.131735
      0.26  0.0371805          1  0.0716953
      0.27  0.0115593          1  0.0228545
      0.28 0.00238336          1 0.00475539
      0.29 0.00208544          1 0.00416221
       0.3          0          0          0
      0.31          0          0          0
      0.32          0          0          0
      0.33          0          0          0
      0.34          0          0          0
      0.35          0          0          0
      0.36          0          0          0
      0.37          0          0          0
      0.38          0          0          0
      0.39          0          0          0
       0.4          0          0          0
      0.41          0          0          0
      0.42          0          0          0
      0.43          0          0          0
      0.44          0          0          0
      0.45          0          0          0
      0.46          0          0          0
      0.47          0          0          0
      0.48          0          0          0
      0.49          0          0          0
       0.5          0          0          0
      0.51          0          0          0
      0.52          0          0          0
      0.53          0          0          0
      0.54          0          0          0
      0.55          0          0          0
      0.56          0          0          0
      0.57          0          0          0
      0.58          0          0          0
      0.59          0          0          0
       0.6          0          0          0
      0.61          0          0          0
      0.62          0          0          0
      0.63          0          0          0
      0.64          0          0          0
      0.65          0          0          0
      0.66          0          0          0
      0.67          0          0          0
      0.68          0          0          0
      0.69          0          0          0
       0.7          0          0          0
      0.71          0          0          0
      0.72          0          0          0
      0.73          0          0          0
      0.74          0          0          0
      0.75          0          0          0
      0.76          0          0          0
      0.77          0          0          0
      0.78          0          0          0
      0.79          0          0          0
       0.8          0          0          0
      0.81          0          0          0
      0.82          0          0          0
      0.83          0          0          0
      0.84          0          0          0
      0.85          0          0          0
      0.86          0          0          0
      0.87          0          0          0
      0.88          0          0          0
      0.89          0          0          0
       0.9          0          0          0
      0.91          0          0          0
      0.92          0          0          0
      0.93          0          0          0
      0.94          0          0          0
      0.95          0          0          0
      0.96          0          0          0
      0.97          0          0          0
      0.98          0          0          0
      0.99          0          0          0
