         0          1   0.176767   0.300428
      0.01   0.989782   0.149395   0.259606
      0.02   0.989782   0.171679   0.292606
      0.03   0.988756   0.201168   0.334317
      0.04    0.98764    0.21408   0.351885
      0.05   0.986391   0.219938   0.359678
      0.06   0.985141   0.230799   0.373981
      0.07   0.984918   0.238106     0.3835
      0.08   0.981616   0.247993   0.395953
      0.09    0.94641   0.257568   0.404932
       0.1   0.912766   0.282481    0.43144
      0.11    0.89871   0.321969   0.474092
      0.12    0.88702   0.348513   0.500412
      0.13   0.870822   0.390891   0.539579
      0.14   0.840257   0.423833   0.563454
      0.15   0.820713   0.473668   0.600667
      0.16    0.80108   0.513246   0.625646
      0.17   0.777743   0.573106   0.659925
      0.18   0.773593   0.602004   0.677097
      0.19   0.757664   0.639058   0.693325
       0.2   0.753915   0.651854    0.69918
      0.21   0.746018   0.674267    0.70833
      0.22   0.732319   0.680949     0.7057
      0.23   0.723841   0.679601   0.701024
      0.24   0.698407   0.671287   0.684579
      0.25   0.648878   0.635189   0.641961
      0.26   0.495783   0.537887   0.515978
      0.27   0.277275   0.369755   0.316905
      0.28  0.0292713  0.0603448  0.0394209
      0.29 0.00508679  0.0401554 0.00902971
       0.3 0.00339119  0.0323529 0.00613891
      0.31 0.00281112  0.0315399 0.00516214
      0.32 0.00049083  0.0327869 0.000967182
      0.33          0          0          0
      0.34          0          0          0
      0.35          0          0          0
      0.36          0          0          0
      0.37          0          0          0
      0.38          0          0          0
      0.39          0          0          0
       0.4          0          0          0
      0.41          0          0          0
      0.42          0          0          0
      0.43          0          0          0
      0.44          0          0          0
      0.45          0          0          0
      0.46          0          0          0
      0.47          0          0          0
      0.48          0          0          0
      0.49          0          0          0
       0.5          0          0          0
      0.51          0          0          0
      0.52          0          0          0
      0.53          0          0          0
      0.54          0          0          0
      0.55          0          0          0
      0.56          0          0          0
      0.57          0          0          0
      0.58          0          0          0
      0.59          0          0          0
       0.6          0          0          0
      0.61          0          0          0
      0.62          0          0          0
      0.63          0          0          0
      0.64          0          0          0
      0.65          0          0          0
      0.66          0          0          0
      0.67          0          0          0
      0.68          0          0          0
      0.69          0          0          0
       0.7          0          0          0
      0.71          0          0          0
      0.72          0          0          0
      0.73          0          0          0
      0.74          0          0          0
      0.75          0          0          0
      0.76          0          0          0
      0.77          0          0          0
      0.78          0          0          0
      0.79          0          0          0
       0.8          0          0          0
      0.81          0          0          0
      0.82          0          0          0
      0.83          0          0          0
      0.84          0          0          0
      0.85          0          0          0
      0.86          0          0          0
      0.87          0          0          0
      0.88          0          0          0
      0.89          0          0          0
       0.9          0          0          0
      0.91          0          0          0
      0.92          0          0          0
      0.93          0          0          0
      0.94          0          0          0
      0.95          0          0          0
      0.96          0          0          0
      0.97          0          0          0
      0.98          0          0          0
      0.99          0          0          0
