         0          1   0.361785    0.53134
      0.01   0.995009   0.355274   0.523595
      0.02   0.995009   0.356603   0.525038
      0.03   0.995009   0.357667    0.52619
      0.04   0.995009   0.359112   0.527752
      0.05   0.994448   0.360219   0.528867
      0.06   0.992888   0.367537   0.536484
      0.07   0.991797   0.381574   0.551116
      0.08    0.98403   0.419517   0.588249
      0.09   0.974922   0.450369    0.61612
       0.1   0.936307    0.49767   0.649902
      0.11   0.856893   0.547385   0.668031
      0.12   0.795664   0.574934   0.667525
      0.13   0.699532   0.612152   0.652932
      0.14   0.649563   0.634546   0.641967
      0.15   0.573581   0.658133   0.612955
      0.16   0.532876   0.671598   0.594249
      0.17    0.46441   0.675197    0.55031
      0.18   0.411478   0.667549   0.509129
      0.19   0.345259   0.664607   0.454439
       0.2   0.309233   0.664458   0.422048
      0.21   0.254367   0.670182   0.368768
      0.22   0.217249   0.694051   0.330916
      0.23   0.199407   0.715815   0.311922
      0.24   0.177417   0.775574   0.288776
      0.25   0.166095    0.79902    0.27502
      0.26   0.140611   0.839669   0.240884
      0.27   0.127417   0.941606   0.224461
      0.28  0.0600749   0.961832   0.113086
      0.29  0.0236432          1  0.0461942
       0.3          0          0          0
      0.31          0          0          0
      0.32          0          0          0
      0.33          0          0          0
      0.34          0          0          0
      0.35          0          0          0
      0.36          0          0          0
      0.37          0          0          0
      0.38          0          0          0
      0.39          0          0          0
       0.4          0          0          0
      0.41          0          0          0
      0.42          0          0          0
      0.43          0          0          0
      0.44          0          0          0
      0.45          0          0          0
      0.46          0          0          0
      0.47          0          0          0
      0.48          0          0          0
      0.49          0          0          0
       0.5          0          0          0
      0.51          0          0          0
      0.52          0          0          0
      0.53          0          0          0
      0.54          0          0          0
      0.55          0          0          0
      0.56          0          0          0
      0.57          0          0          0
      0.58          0          0          0
      0.59          0          0          0
       0.6          0          0          0
      0.61          0          0          0
      0.62          0          0          0
      0.63          0          0          0
      0.64          0          0          0
      0.65          0          0          0
      0.66          0          0          0
      0.67          0          0          0
      0.68          0          0          0
      0.69          0          0          0
       0.7          0          0          0
      0.71          0          0          0
      0.72          0          0          0
      0.73          0          0          0
      0.74          0          0          0
      0.75          0          0          0
      0.76          0          0          0
      0.77          0          0          0
      0.78          0          0          0
      0.79          0          0          0
       0.8          0          0          0
      0.81          0          0          0
      0.82          0          0          0
      0.83          0          0          0
      0.84          0          0          0
      0.85          0          0          0
      0.86          0          0          0
      0.87          0          0          0
      0.88          0          0          0
      0.89          0          0          0
       0.9          0          0          0
      0.91          0          0          0
      0.92          0          0          0
      0.93          0          0          0
      0.94          0          0          0
      0.95          0          0          0
      0.96          0          0          0
      0.97          0          0          0
      0.98          0          0          0
      0.99          0          0          0
