         0          1   0.298178   0.459379
      0.01   0.958844   0.248121   0.394228
      0.02   0.958844   0.248222   0.394355
      0.03   0.958844   0.248735   0.395002
      0.04   0.958154   0.254282   0.401904
      0.05   0.955184   0.261906   0.411092
      0.06   0.947865   0.281714   0.434339
      0.07   0.942668    0.30499    0.46087
      0.08   0.924741   0.352889   0.510838
      0.09   0.877327    0.38498   0.535136
       0.1   0.811297   0.442461   0.572626
      0.11   0.744524   0.495493   0.595002
      0.12   0.690374    0.51363   0.589029
      0.13   0.574755   0.535255   0.554302
      0.14   0.505277   0.540311   0.522207
      0.15   0.413312    0.57573   0.481185
      0.16   0.359427    0.61253   0.453024
      0.17   0.311005   0.701087   0.430873
      0.18   0.270432   0.758535   0.398715
      0.19   0.232617   0.822654   0.362681
       0.2   0.215381   0.905767   0.348009
      0.21   0.185839   0.962832   0.311546
      0.22   0.161337   0.977083   0.276944
      0.23   0.153911   0.990909   0.266439
      0.24   0.123575          1   0.219967
      0.25  0.0957836          1   0.174822
      0.26  0.0543092          1   0.103023
      0.27  0.0100769          1  0.0199527
      0.28 0.00265182          1 0.00528961
      0.29          0          0          0
       0.3          0          0          0
      0.31          0          0          0
      0.32          0          0          0
      0.33          0          0          0
      0.34          0          0          0
      0.35          0          0          0
      0.36          0          0          0
      0.37          0          0          0
      0.38          0          0          0
      0.39          0          0          0
       0.4          0          0          0
      0.41          0          0          0
      0.42          0          0          0
      0.43          0          0          0
      0.44          0          0          0
      0.45          0          0          0
      0.46          0          0          0
      0.47          0          0          0
      0.48          0          0          0
      0.49          0          0          0
       0.5          0          0          0
      0.51          0          0          0
      0.52          0          0          0
      0.53          0          0          0
      0.54          0          0          0
      0.55          0          0          0
      0.56          0          0          0
      0.57          0          0          0
      0.58          0          0          0
      0.59          0          0          0
       0.6          0          0          0
      0.61          0          0          0
      0.62          0          0          0
      0.63          0          0          0
      0.64          0          0          0
      0.65          0          0          0
      0.66          0          0          0
      0.67          0          0          0
      0.68          0          0          0
      0.69          0          0          0
       0.7          0          0          0
      0.71          0          0          0
      0.72          0          0          0
      0.73          0          0          0
      0.74          0          0          0
      0.75          0          0          0
      0.76          0          0          0
      0.77          0          0          0
      0.78          0          0          0
      0.79          0          0          0
       0.8          0          0          0
      0.81          0          0          0
      0.82          0          0          0
      0.83          0          0          0
      0.84          0          0          0
      0.85          0          0          0
      0.86          0          0          0
      0.87          0          0          0
      0.88          0          0          0
      0.89          0          0          0
       0.9          0          0          0
      0.91          0          0          0
      0.92          0          0          0
      0.93          0          0          0
      0.94          0          0          0
      0.95          0          0          0
      0.96          0          0          0
      0.97          0          0          0
      0.98          0          0          0
      0.99          0          0          0
