         0          1    0.48887   0.656699
      0.01   0.988925   0.489868   0.655187
      0.02     0.9889   0.498594    0.66294
      0.03   0.988093   0.501499    0.66532
      0.04    0.98247   0.507869   0.669601
      0.05    0.97604   0.518361   0.677115
      0.06   0.969195   0.557174   0.707575
      0.07   0.958657   0.596541   0.735441
      0.08   0.923549   0.675604   0.780355
      0.09   0.893746   0.729179   0.803119
       0.1   0.848687   0.792353   0.819553
      0.11   0.797589    0.83625   0.816462
      0.12   0.744878   0.850787   0.794318
      0.13   0.636913   0.876695   0.737811
      0.14   0.552516   0.887722    0.68111
      0.15    0.42927   0.892755   0.579766
      0.16   0.336976   0.891463   0.489079
      0.17   0.220918   0.889288   0.353916
      0.18   0.158061   0.880252   0.267999
      0.19  0.0981126   0.870492   0.176349
       0.2  0.0812919      0.876   0.148777
      0.21  0.0683585   0.880682   0.126869
      0.22  0.0466481   0.864734  0.0885209
      0.23   0.030952     0.9375  0.0599256
      0.24  0.0210014       0.98  0.0411216
      0.25  0.0166984   0.974359  0.0328342
      0.26  0.0117598   0.960784  0.0232352
      0.27   0.010733          1   0.021238
      0.28 0.00880153          1  0.0174495
      0.29 0.00660114          1  0.0131157
       0.3          0          0          0
      0.31          0          0          0
      0.32          0          0          0
      0.33          0          0          0
      0.34          0          0          0
      0.35          0          0          0
      0.36          0          0          0
      0.37          0          0          0
      0.38          0          0          0
      0.39          0          0          0
       0.4          0          0          0
      0.41          0          0          0
      0.42          0          0          0
      0.43          0          0          0
      0.44          0          0          0
      0.45          0          0          0
      0.46          0          0          0
      0.47          0          0          0
      0.48          0          0          0
      0.49          0          0          0
       0.5          0          0          0
      0.51          0          0          0
      0.52          0          0          0
      0.53          0          0          0
      0.54          0          0          0
      0.55          0          0          0
      0.56          0          0          0
      0.57          0          0          0
      0.58          0          0          0
      0.59          0          0          0
       0.6          0          0          0
      0.61          0          0          0
      0.62          0          0          0
      0.63          0          0          0
      0.64          0          0          0
      0.65          0          0          0
      0.66          0          0          0
      0.67          0          0          0
      0.68          0          0          0
      0.69          0          0          0
       0.7          0          0          0
      0.71          0          0          0
      0.72          0          0          0
      0.73          0          0          0
      0.74          0          0          0
      0.75          0          0          0
      0.76          0          0          0
      0.77          0          0          0
      0.78          0          0          0
      0.79          0          0          0
       0.8          0          0          0
      0.81          0          0          0
      0.82          0          0          0
      0.83          0          0          0
      0.84          0          0          0
      0.85          0          0          0
      0.86          0          0          0
      0.87          0          0          0
      0.88          0          0          0
      0.89          0          0          0
       0.9          0          0          0
      0.91          0          0          0
      0.92          0          0          0
      0.93          0          0          0
      0.94          0          0          0
      0.95          0          0          0
      0.96          0          0          0
      0.97          0          0          0
      0.98          0          0          0
      0.99          0          0          0
