         0          1   0.242084   0.389803
      0.01   0.996653   0.220957    0.36172
      0.02   0.996653   0.220957    0.36172
      0.03   0.996653   0.220957    0.36172
      0.04   0.996653   0.221452   0.362384
      0.05   0.996653   0.226797   0.369509
      0.06   0.996055    0.25802   0.409867
      0.07   0.995159   0.295798   0.456043
      0.08    0.99223   0.367862   0.536734
      0.09   0.971669   0.422759   0.589176
       0.1   0.937601   0.492927   0.646152
      0.11   0.855119   0.539047   0.661255
      0.12   0.794872   0.552771   0.652075
      0.13   0.672703   0.557088   0.609461
      0.14   0.588309    0.54298   0.564736
      0.15   0.448808   0.502482   0.474131
      0.16   0.361843   0.474363   0.410533
      0.17   0.285757   0.483968   0.359342
      0.18   0.243679   0.528355   0.333532
      0.19   0.196521   0.728227   0.309516
       0.2   0.171359   0.856678   0.285591
      0.21  0.0987389   0.894737   0.177851
      0.22  0.0444086   0.980892  0.0849702
      0.23   0.024864          1  0.0485216
      0.24  0.0122527          1  0.0242088
      0.25 0.00543901          1  0.0108192
      0.26 0.00460224          1  0.0091623
      0.27   0.003108          1 0.00619675
      0.28          0          0          0
      0.29          0          0          0
       0.3          0          0          0
      0.31          0          0          0
      0.32          0          0          0
      0.33          0          0          0
      0.34          0          0          0
      0.35          0          0          0
      0.36          0          0          0
      0.37          0          0          0
      0.38          0          0          0
      0.39          0          0          0
       0.4          0          0          0
      0.41          0          0          0
      0.42          0          0          0
      0.43          0          0          0
      0.44          0          0          0
      0.45          0          0          0
      0.46          0          0          0
      0.47          0          0          0
      0.48          0          0          0
      0.49          0          0          0
       0.5          0          0          0
      0.51          0          0          0
      0.52          0          0          0
      0.53          0          0          0
      0.54          0          0          0
      0.55          0          0          0
      0.56          0          0          0
      0.57          0          0          0
      0.58          0          0          0
      0.59          0          0          0
       0.6          0          0          0
      0.61          0          0          0
      0.62          0          0          0
      0.63          0          0          0
      0.64          0          0          0
      0.65          0          0          0
      0.66          0          0          0
      0.67          0          0          0
      0.68          0          0          0
      0.69          0          0          0
       0.7          0          0          0
      0.71          0          0          0
      0.72          0          0          0
      0.73          0          0          0
      0.74          0          0          0
      0.75          0          0          0
      0.76          0          0          0
      0.77          0          0          0
      0.78          0          0          0
      0.79          0          0          0
       0.8          0          0          0
      0.81          0          0          0
      0.82          0          0          0
      0.83          0          0          0
      0.84          0          0          0
      0.85          0          0          0
      0.86          0          0          0
      0.87          0          0          0
      0.88          0          0          0
      0.89          0          0          0
       0.9          0          0          0
      0.91          0          0          0
      0.92          0          0          0
      0.93          0          0          0
      0.94          0          0          0
      0.95          0          0          0
      0.96          0          0          0
      0.97          0          0          0
      0.98          0          0          0
      0.99          0          0          0
