         0          1   0.319512   0.484288
      0.01   0.991931   0.299465   0.460043
      0.02   0.991931   0.299465   0.460043
      0.03   0.991931   0.299636   0.460244
      0.04   0.991011   0.302982    0.46408
      0.05     0.9891   0.306687   0.468201
      0.06   0.974804    0.30711   0.467071
      0.07   0.950952   0.303864   0.460562
      0.08   0.908415   0.298324   0.449148
      0.09    0.86779   0.293789   0.438967
       0.1   0.770826   0.284631   0.415746
      0.11   0.658858   0.275205   0.388242
      0.12   0.560195   0.264449   0.359289
      0.13   0.406964   0.249963   0.309702
      0.14   0.309718   0.244237   0.273107
      0.15   0.176304   0.214208   0.193417
      0.16   0.116498   0.195594   0.146023
      0.17  0.0588152   0.170578  0.0874705
      0.18   0.031354   0.147316  0.0517036
      0.19  0.0164909   0.127098  0.0291939
       0.2 0.00927171  0.0988142  0.0169527
      0.21 0.000707764   0.162162 0.00140938
      0.22 0.000707764        0.4 0.00141303
      0.23 0.000353882   0.285714 0.000706889
      0.24          0          0          0
      0.25          0          0          0
      0.26          0          0          0
      0.27          0          0          0
      0.28          0          0          0
      0.29          0          0          0
       0.3          0          0          0
      0.31          0          0          0
      0.32          0          0          0
      0.33          0          0          0
      0.34          0          0          0
      0.35          0          0          0
      0.36          0          0          0
      0.37          0          0          0
      0.38          0          0          0
      0.39          0          0          0
       0.4          0          0          0
      0.41          0          0          0
      0.42          0          0          0
      0.43          0          0          0
      0.44          0          0          0
      0.45          0          0          0
      0.46          0          0          0
      0.47          0          0          0
      0.48          0          0          0
      0.49          0          0          0
       0.5          0          0          0
      0.51          0          0          0
      0.52          0          0          0
      0.53          0          0          0
      0.54          0          0          0
      0.55          0          0          0
      0.56          0          0          0
      0.57          0          0          0
      0.58          0          0          0
      0.59          0          0          0
       0.6          0          0          0
      0.61          0          0          0
      0.62          0          0          0
      0.63          0          0          0
      0.64          0          0          0
      0.65          0          0          0
      0.66          0          0          0
      0.67          0          0          0
      0.68          0          0          0
      0.69          0          0          0
       0.7          0          0          0
      0.71          0          0          0
      0.72          0          0          0
      0.73          0          0          0
      0.74          0          0          0
      0.75          0          0          0
      0.76          0          0          0
      0.77          0          0          0
      0.78          0          0          0
      0.79          0          0          0
       0.8          0          0          0
      0.81          0          0          0
      0.82          0          0          0
      0.83          0          0          0
      0.84          0          0          0
      0.85          0          0          0
      0.86          0          0          0
      0.87          0          0          0
      0.88          0          0          0
      0.89          0          0          0
       0.9          0          0          0
      0.91          0          0          0
      0.92          0          0          0
      0.93          0          0          0
      0.94          0          0          0
      0.95          0          0          0
      0.96          0          0          0
      0.97          0          0          0
      0.98          0          0          0
      0.99          0          0          0
