         0          1   0.384732   0.555677
      0.01   0.988714   0.382519   0.551623
      0.02   0.988714   0.382519   0.551623
      0.03   0.988714   0.382627   0.551735
      0.04   0.988543    0.38715   0.556395
      0.05   0.986251   0.397473   0.566599
      0.06   0.950103    0.44211   0.603428
      0.07   0.867725   0.463599   0.604325
      0.08   0.808891   0.515201   0.629475
      0.09   0.773258   0.548382   0.641689
       0.1   0.698041    0.58606   0.637168
      0.11   0.593206   0.606414   0.599737
      0.12   0.519993     0.6061   0.559754
      0.13   0.422204   0.595461   0.494084
      0.14    0.35283   0.581224   0.439104
      0.15    0.27429   0.541181    0.36406
      0.16   0.232814   0.513635   0.320401
      0.17   0.181428   0.471928   0.262095
      0.18   0.162122   0.458727   0.239574
      0.19   0.122709   0.414422   0.189351
       0.2    0.10896   0.388535   0.170191
      0.21   0.083868   0.324805   0.133313
      0.22  0.0512145    0.23842   0.084317
      0.23   0.040731   0.184049  0.0667008
      0.24  0.0179308  0.0887681   0.029835
      0.25  0.0091659  0.0404255  0.0149436
      0.26          0          0          0
      0.27          0          0          0
      0.28          0          0          0
      0.29          0          0          0
       0.3          0          0          0
      0.31          0          0          0
      0.32          0          0          0
      0.33          0          0          0
      0.34          0          0          0
      0.35          0          0          0
      0.36          0          0          0
      0.37          0          0          0
      0.38          0          0          0
      0.39          0          0          0
       0.4          0          0          0
      0.41          0          0          0
      0.42          0          0          0
      0.43          0          0          0
      0.44          0          0          0
      0.45          0          0          0
      0.46          0          0          0
      0.47          0          0          0
      0.48          0          0          0
      0.49          0          0          0
       0.5          0          0          0
      0.51          0          0          0
      0.52          0          0          0
      0.53          0          0          0
      0.54          0          0          0
      0.55          0          0          0
      0.56          0          0          0
      0.57          0          0          0
      0.58          0          0          0
      0.59          0          0          0
       0.6          0          0          0
      0.61          0          0          0
      0.62          0          0          0
      0.63          0          0          0
      0.64          0          0          0
      0.65          0          0          0
      0.66          0          0          0
      0.67          0          0          0
      0.68          0          0          0
      0.69          0          0          0
       0.7          0          0          0
      0.71          0          0          0
      0.72          0          0          0
      0.73          0          0          0
      0.74          0          0          0
      0.75          0          0          0
      0.76          0          0          0
      0.77          0          0          0
      0.78          0          0          0
      0.79          0          0          0
       0.8          0          0          0
      0.81          0          0          0
      0.82          0          0          0
      0.83          0          0          0
      0.84          0          0          0
      0.85          0          0          0
      0.86          0          0          0
      0.87          0          0          0
      0.88          0          0          0
      0.89          0          0          0
       0.9          0          0          0
      0.91          0          0          0
      0.92          0          0          0
      0.93          0          0          0
      0.94          0          0          0
      0.95          0          0          0
      0.96          0          0          0
      0.97          0          0          0
      0.98          0          0          0
      0.99          0          0          0
