         0          1   0.289124   0.448559
      0.01   0.982448   0.271152   0.425004
      0.02   0.980848   0.270445   0.423987
      0.03   0.980266   0.273175   0.427278
      0.04   0.979102   0.304761   0.464834
      0.05   0.978035   0.333481   0.497372
      0.06   0.974496   0.391416   0.558504
      0.07   0.970568   0.425901   0.592016
      0.08   0.959659   0.465386   0.626804
      0.09   0.947488   0.490265   0.646175
       0.1    0.92499   0.522373   0.667683
      0.11   0.902929      0.549   0.682826
      0.12   0.877036   0.561809   0.684892
      0.13   0.838198   0.594365    0.69553
      0.14    0.81187   0.618534   0.702136
      0.15   0.727114   0.659197   0.691492
      0.16   0.647498   0.675382   0.661146
      0.17   0.567785    0.69289    0.62413
      0.18   0.512995   0.693219   0.589643
      0.19   0.417717   0.678715   0.517152
       0.2   0.369666   0.665496    0.47531
      0.21   0.249855   0.622905   0.356652
      0.22   0.173681   0.541022   0.262949
      0.23   0.123109   0.475285   0.195563
      0.24  0.0689003   0.350832    0.11518
      0.25  0.0601241   0.316474   0.101051
      0.26   0.047178   0.270085  0.0803251
      0.27  0.0348138   0.249485  0.0611014
      0.28    0.01154   0.193846  0.0217831
      0.29 0.00819434   0.192308  0.0157189
       0.3 0.00509116   0.169811 0.00988592
      0.31 0.00237587   0.156069 0.00468049
      0.32  0.0022789  0.0965517  0.0044527
      0.33          0          0          0
      0.34          0          0          0
      0.35          0          0          0
      0.36          0          0          0
      0.37          0          0          0
      0.38          0          0          0
      0.39          0          0          0
       0.4          0          0          0
      0.41          0          0          0
      0.42          0          0          0
      0.43          0          0          0
      0.44          0          0          0
      0.45          0          0          0
      0.46          0          0          0
      0.47          0          0          0
      0.48          0          0          0
      0.49          0          0          0
       0.5          0          0          0
      0.51          0          0          0
      0.52          0          0          0
      0.53          0          0          0
      0.54          0          0          0
      0.55          0          0          0
      0.56          0          0          0
      0.57          0          0          0
      0.58          0          0          0
      0.59          0          0          0
       0.6          0          0          0
      0.61          0          0          0
      0.62          0          0          0
      0.63          0          0          0
      0.64          0          0          0
      0.65          0          0          0
      0.66          0          0          0
      0.67          0          0          0
      0.68          0          0          0
      0.69          0          0          0
       0.7          0          0          0
      0.71          0          0          0
      0.72          0          0          0
      0.73          0          0          0
      0.74          0          0          0
      0.75          0          0          0
      0.76          0          0          0
      0.77          0          0          0
      0.78          0          0          0
      0.79          0          0          0
       0.8          0          0          0
      0.81          0          0          0
      0.82          0          0          0
      0.83          0          0          0
      0.84          0          0          0
      0.85          0          0          0
      0.86          0          0          0
      0.87          0          0          0
      0.88          0          0          0
      0.89          0          0          0
       0.9          0          0          0
      0.91          0          0          0
      0.92          0          0          0
      0.93          0          0          0
      0.94          0          0          0
      0.95          0          0          0
      0.96          0          0          0
      0.97          0          0          0
      0.98          0          0          0
      0.99          0          0          0
