         0          1   0.108911   0.196429
      0.01   0.998525   0.132872   0.234535
      0.02   0.998525   0.132872   0.234535
      0.03   0.998525   0.133015   0.234758
      0.04   0.998525   0.138788   0.243704
      0.05   0.998525   0.148513   0.258569
      0.06   0.998256    0.16683   0.285883
      0.07   0.997586   0.180371   0.305505
      0.08   0.991416   0.195373   0.326421
      0.09   0.972505   0.202963   0.335837
       0.1    0.91698   0.210401   0.342268
      0.11   0.827521   0.216006   0.342588
      0.12   0.717945   0.223115   0.340434
      0.13   0.585971   0.230638   0.330997
      0.14   0.502146   0.226868   0.312534
      0.15   0.369903   0.212047   0.269566
      0.16   0.296942    0.20088   0.239643
      0.17   0.191926      0.182   0.186831
      0.18   0.155714    0.17029   0.162676
      0.19  0.0962983   0.141313   0.114542
       0.2  0.0586105   0.127812  0.0803672
      0.21  0.0426502    0.10994  0.0614582
      0.22  0.0197157  0.0962567  0.0327279
      0.23  0.0130097    0.11245  0.0233212
      0.24 0.00616953   0.144144  0.0118326
      0.25   0.003353   0.175676 0.00658041
      0.26 0.00214592   0.285714 0.00425985
      0.27 0.00120708   0.428571 0.00240738
      0.28          0          0          0
      0.29          0          0          0
       0.3          0          0          0
      0.31          0          0          0
      0.32          0          0          0
      0.33          0          0          0
      0.34          0          0          0
      0.35          0          0          0
      0.36          0          0          0
      0.37          0          0          0
      0.38          0          0          0
      0.39          0          0          0
       0.4          0          0          0
      0.41          0          0          0
      0.42          0          0          0
      0.43          0          0          0
      0.44          0          0          0
      0.45          0          0          0
      0.46          0          0          0
      0.47          0          0          0
      0.48          0          0          0
      0.49          0          0          0
       0.5          0          0          0
      0.51          0          0          0
      0.52          0          0          0
      0.53          0          0          0
      0.54          0          0          0
      0.55          0          0          0
      0.56          0          0          0
      0.57          0          0          0
      0.58          0          0          0
      0.59          0          0          0
       0.6          0          0          0
      0.61          0          0          0
      0.62          0          0          0
      0.63          0          0          0
      0.64          0          0          0
      0.65          0          0          0
      0.66          0          0          0
      0.67          0          0          0
      0.68          0          0          0
      0.69          0          0          0
       0.7          0          0          0
      0.71          0          0          0
      0.72          0          0          0
      0.73          0          0          0
      0.74          0          0          0
      0.75          0          0          0
      0.76          0          0          0
      0.77          0          0          0
      0.78          0          0          0
      0.79          0          0          0
       0.8          0          0          0
      0.81          0          0          0
      0.82          0          0          0
      0.83          0          0          0
      0.84          0          0          0
      0.85          0          0          0
      0.86          0          0          0
      0.87          0          0          0
      0.88          0          0          0
      0.89          0          0          0
       0.9          0          0          0
      0.91          0          0          0
      0.92          0          0          0
      0.93          0          0          0
      0.94          0          0          0
      0.95          0          0          0
      0.96          0          0          0
      0.97          0          0          0
      0.98          0          0          0
      0.99          0          0          0
