         0          1   0.354609   0.523559
      0.01   0.978064   0.334317   0.498306
      0.02   0.978064   0.334317   0.498306
      0.03   0.978064   0.334564    0.49858
      0.04   0.978064   0.336539    0.50077
      0.05   0.978064   0.339877   0.504455
      0.06   0.977983    0.35061   0.516171
      0.07   0.977259   0.363248   0.529631
      0.08   0.973113   0.386726   0.553489
      0.09   0.968525   0.404935   0.571098
       0.1   0.957295   0.433833   0.597079
      0.11   0.936245    0.46776   0.623841
      0.12   0.920588   0.490388   0.639905
      0.13   0.894144   0.523419   0.660305
      0.14   0.873496   0.545268   0.671414
      0.15    0.83546   0.578984   0.683969
      0.16   0.797424   0.598057   0.683499
      0.17   0.739465   0.621394   0.675307
      0.18   0.686577   0.634376   0.659445
      0.19   0.617227   0.650826   0.633581
       0.2   0.546267    0.65521   0.595799
      0.21   0.420286   0.634183    0.50554
      0.22   0.275106   0.580688   0.373339
      0.23   0.204266   0.525152   0.294127
      0.24   0.124492   0.431259    0.19321
      0.25  0.0983296   0.385852   0.156721
      0.26  0.0640773   0.297913   0.105469
      0.27  0.0371101    0.23774   0.064199
      0.28  0.0183538   0.205189  0.0336937
      0.29   0.017911    0.20229  0.0329083
       0.3  0.0154558   0.195827  0.0286504
      0.31  0.0121956   0.238916  0.0232066
      0.32 0.00668142   0.229236  0.0129844
      0.33          0          0          0
      0.34          0          0          0
      0.35          0          0          0
      0.36          0          0          0
      0.37          0          0          0
      0.38          0          0          0
      0.39          0          0          0
       0.4          0          0          0
      0.41          0          0          0
      0.42          0          0          0
      0.43          0          0          0
      0.44          0          0          0
      0.45          0          0          0
      0.46          0          0          0
      0.47          0          0          0
      0.48          0          0          0
      0.49          0          0          0
       0.5          0          0          0
      0.51          0          0          0
      0.52          0          0          0
      0.53          0          0          0
      0.54          0          0          0
      0.55          0          0          0
      0.56          0          0          0
      0.57          0          0          0
      0.58          0          0          0
      0.59          0          0          0
       0.6          0          0          0
      0.61          0          0          0
      0.62          0          0          0
      0.63          0          0          0
      0.64          0          0          0
      0.65          0          0          0
      0.66          0          0          0
      0.67          0          0          0
      0.68          0          0          0
      0.69          0          0          0
       0.7          0          0          0
      0.71          0          0          0
      0.72          0          0          0
      0.73          0          0          0
      0.74          0          0          0
      0.75          0          0          0
      0.76          0          0          0
      0.77          0          0          0
      0.78          0          0          0
      0.79          0          0          0
       0.8          0          0          0
      0.81          0          0          0
      0.82          0          0          0
      0.83          0          0          0
      0.84          0          0          0
      0.85          0          0          0
      0.86          0          0          0
      0.87          0          0          0
      0.88          0          0          0
      0.89          0          0          0
       0.9          0          0          0
      0.91          0          0          0
      0.92          0          0          0
      0.93          0          0          0
      0.94          0          0          0
      0.95          0          0          0
      0.96          0          0          0
      0.97          0          0          0
      0.98          0          0          0
      0.99          0          0          0
