         0          1   0.308236   0.471224
      0.01   0.987777   0.298432   0.458377
      0.02   0.987777   0.298507   0.458466
      0.03   0.987777   0.333373   0.498503
      0.04   0.987777   0.374559   0.543157
      0.05   0.986821   0.381141   0.549896
      0.06   0.984859   0.396731   0.565616
      0.07   0.982545    0.40538   0.573956
      0.08   0.978672   0.418115   0.585913
      0.09   0.968561   0.425818   0.591562
       0.1   0.947586   0.433984   0.595318
      0.11   0.904376   0.436284   0.588613
      0.12   0.879225   0.434884   0.581932
      0.13    0.80669   0.439073   0.568641
      0.14   0.769567   0.443191   0.562462
      0.15   0.713632   0.455565   0.556118
      0.16   0.667857     0.4655   0.548614
      0.17   0.596831   0.482086   0.533357
      0.18   0.543662   0.491123   0.516059
      0.19   0.460714   0.523719   0.490201
       0.2   0.413984   0.557308   0.475072
      0.21   0.297938   0.607062   0.399705
      0.22   0.223893   0.639064   0.331609
      0.23   0.175402   0.645537   0.275852
      0.24   0.119366   0.591611   0.198652
      0.25  0.0775654   0.492355   0.134018
      0.26  0.0419517   0.348259  0.0748829
      0.27  0.0278672   0.301887  0.0510243
      0.28  0.0147384   0.377358  0.0283689
      0.29 0.00593561   0.304348  0.0116441
       0.3          0          0          0
      0.31          0          0          0
      0.32          0          0          0
      0.33          0          0          0
      0.34          0          0          0
      0.35          0          0          0
      0.36          0          0          0
      0.37          0          0          0
      0.38          0          0          0
      0.39          0          0          0
       0.4          0          0          0
      0.41          0          0          0
      0.42          0          0          0
      0.43          0          0          0
      0.44          0          0          0
      0.45          0          0          0
      0.46          0          0          0
      0.47          0          0          0
      0.48          0          0          0
      0.49          0          0          0
       0.5          0          0          0
      0.51          0          0          0
      0.52          0          0          0
      0.53          0          0          0
      0.54          0          0          0
      0.55          0          0          0
      0.56          0          0          0
      0.57          0          0          0
      0.58          0          0          0
      0.59          0          0          0
       0.6          0          0          0
      0.61          0          0          0
      0.62          0          0          0
      0.63          0          0          0
      0.64          0          0          0
      0.65          0          0          0
      0.66          0          0          0
      0.67          0          0          0
      0.68          0          0          0
      0.69          0          0          0
       0.7          0          0          0
      0.71          0          0          0
      0.72          0          0          0
      0.73          0          0          0
      0.74          0          0          0
      0.75          0          0          0
      0.76          0          0          0
      0.77          0          0          0
      0.78          0          0          0
      0.79          0          0          0
       0.8          0          0          0
      0.81          0          0          0
      0.82          0          0          0
      0.83          0          0          0
      0.84          0          0          0
      0.85          0          0          0
      0.86          0          0          0
      0.87          0          0          0
      0.88          0          0          0
      0.89          0          0          0
       0.9          0          0          0
      0.91          0          0          0
      0.92          0          0          0
      0.93          0          0          0
      0.94          0          0          0
      0.95          0          0          0
      0.96          0          0          0
      0.97          0          0          0
      0.98          0          0          0
      0.99          0          0          0
