         0          1   0.363236   0.532903
      0.01   0.984672   0.340767   0.506313
      0.02   0.984672   0.340767   0.506313
      0.03   0.984672   0.340767   0.506313
      0.04   0.984672   0.340786   0.506335
      0.05   0.984672   0.343236   0.509034
      0.06   0.983639   0.354821   0.521519
      0.07   0.977396   0.366557   0.533161
      0.08   0.915353   0.393659   0.550548
      0.09   0.825626   0.421074   0.557712
       0.1   0.675622   0.493885   0.570633
      0.11   0.514208   0.560912   0.536546
      0.12   0.417119   0.591379   0.489193
      0.13   0.311935   0.611592   0.413148
      0.14   0.282916   0.616413   0.387829
      0.15   0.257642   0.608929   0.362084
      0.16   0.246577   0.595482   0.348746
      0.17   0.232068   0.543717   0.325294
      0.18   0.200982   0.479293   0.283206
      0.19    0.11922   0.378906   0.181372
       0.2  0.0705675   0.344929   0.117165
      0.21  0.0473607   0.324572  0.0826599
      0.22  0.0439163   0.312867  0.0770213
      0.23  0.0415052   0.292208  0.0726861
      0.24  0.0357789   0.278122  0.0634015
      0.25   0.031215   0.288026  0.0563257
      0.26  0.0264789   0.338259  0.0491133
      0.27  0.0235512   0.358333  0.0441975
      0.28 0.00559718   0.412698  0.0110446
      0.29          0          0          0
       0.3          0          0          0
      0.31          0          0          0
      0.32          0          0          0
      0.33          0          0          0
      0.34          0          0          0
      0.35          0          0          0
      0.36          0          0          0
      0.37          0          0          0
      0.38          0          0          0
      0.39          0          0          0
       0.4          0          0          0
      0.41          0          0          0
      0.42          0          0          0
      0.43          0          0          0
      0.44          0          0          0
      0.45          0          0          0
      0.46          0          0          0
      0.47          0          0          0
      0.48          0          0          0
      0.49          0          0          0
       0.5          0          0          0
      0.51          0          0          0
      0.52          0          0          0
      0.53          0          0          0
      0.54          0          0          0
      0.55          0          0          0
      0.56          0          0          0
      0.57          0          0          0
      0.58          0          0          0
      0.59          0          0          0
       0.6          0          0          0
      0.61          0          0          0
      0.62          0          0          0
      0.63          0          0          0
      0.64          0          0          0
      0.65          0          0          0
      0.66          0          0          0
      0.67          0          0          0
      0.68          0          0          0
      0.69          0          0          0
       0.7          0          0          0
      0.71          0          0          0
      0.72          0          0          0
      0.73          0          0          0
      0.74          0          0          0
      0.75          0          0          0
      0.76          0          0          0
      0.77          0          0          0
      0.78          0          0          0
      0.79          0          0          0
       0.8          0          0          0
      0.81          0          0          0
      0.82          0          0          0
      0.83          0          0          0
      0.84          0          0          0
      0.85          0          0          0
      0.86          0          0          0
      0.87          0          0          0
      0.88          0          0          0
      0.89          0          0          0
       0.9          0          0          0
      0.91          0          0          0
      0.92          0          0          0
      0.93          0          0          0
      0.94          0          0          0
      0.95          0          0          0
      0.96          0          0          0
      0.97          0          0          0
      0.98          0          0          0
      0.99          0          0          0
