         0          1   0.164811   0.282983
      0.01   0.998762   0.159622   0.275253
      0.02   0.998762   0.159696   0.275363
      0.03   0.998762   0.160012   0.275832
      0.04   0.998762   0.161896   0.278628
      0.05   0.998571   0.165699   0.284234
      0.06   0.994951   0.181572     0.3071
      0.07   0.989426    0.20073   0.333751
      0.08    0.97304   0.239811   0.384788
      0.09   0.946651   0.270021   0.420188
       0.1   0.855864   0.323188   0.469199
      0.11   0.760694    0.36411   0.492488
      0.12    0.68229   0.367065   0.477331
      0.13   0.565876   0.345223    0.42883
      0.14   0.481661   0.314138   0.380267
      0.15   0.329332   0.246526   0.281976
      0.16   0.236163     0.1824   0.205829
      0.17   0.126512   0.108481   0.116805
      0.18  0.0672573  0.0861561  0.0755427
      0.19  0.0336287  0.0685859  0.0451296
       0.2  0.0310565  0.0651584   0.042064
      0.21  0.0212442  0.0604167  0.0314349
      0.22 0.00333429  0.0572831 0.00630176
      0.23 0.00285796  0.0658228 0.00547807
      0.24 0.00152425  0.0505618 0.00295928
      0.25 0.000762123  0.0238095 0.00147697
      0.26          0          0          0
      0.27          0          0          0
      0.28          0          0          0
      0.29          0          0          0
       0.3          0          0          0
      0.31          0          0          0
      0.32          0          0          0
      0.33          0          0          0
      0.34          0          0          0
      0.35          0          0          0
      0.36          0          0          0
      0.37          0          0          0
      0.38          0          0          0
      0.39          0          0          0
       0.4          0          0          0
      0.41          0          0          0
      0.42          0          0          0
      0.43          0          0          0
      0.44          0          0          0
      0.45          0          0          0
      0.46          0          0          0
      0.47          0          0          0
      0.48          0          0          0
      0.49          0          0          0
       0.5          0          0          0
      0.51          0          0          0
      0.52          0          0          0
      0.53          0          0          0
      0.54          0          0          0
      0.55          0          0          0
      0.56          0          0          0
      0.57          0          0          0
      0.58          0          0          0
      0.59          0          0          0
       0.6          0          0          0
      0.61          0          0          0
      0.62          0          0          0
      0.63          0          0          0
      0.64          0          0          0
      0.65          0          0          0
      0.66          0          0          0
      0.67          0          0          0
      0.68          0          0          0
      0.69          0          0          0
       0.7          0          0          0
      0.71          0          0          0
      0.72          0          0          0
      0.73          0          0          0
      0.74          0          0          0
      0.75          0          0          0
      0.76          0          0          0
      0.77          0          0          0
      0.78          0          0          0
      0.79          0          0          0
       0.8          0          0          0
      0.81          0          0          0
      0.82          0          0          0
      0.83          0          0          0
      0.84          0          0          0
      0.85          0          0          0
      0.86          0          0          0
      0.87          0          0          0
      0.88          0          0          0
      0.89          0          0          0
       0.9          0          0          0
      0.91          0          0          0
      0.92          0          0          0
      0.93          0          0          0
      0.94          0          0          0
      0.95          0          0          0
      0.96          0          0          0
      0.97          0          0          0
      0.98          0          0          0
      0.99          0          0          0
