         0          1   0.317058   0.481463
      0.01   0.984825   0.301667   0.461859
      0.02   0.984825   0.301698   0.461895
      0.03   0.984287   0.301877   0.462046
      0.04    0.98414   0.304226   0.464777
      0.05   0.983846   0.308454   0.469661
      0.06   0.981203   0.320715    0.48342
      0.07   0.978315   0.334232   0.498244
      0.08   0.966616   0.359569   0.524157
      0.09   0.957218   0.374946    0.53883
       0.1    0.92961   0.392478   0.551932
      0.11   0.890303    0.40331    0.55514
      0.12   0.857506   0.412317   0.556872
      0.13   0.796466   0.423318   0.552816
      0.14   0.756718   0.434212   0.551798
      0.15   0.682559    0.45203   0.543875
      0.16   0.637036   0.466269   0.538437
      0.17   0.577904   0.476181   0.522134
      0.18   0.533947     0.4811   0.506148
      0.19   0.450977   0.479527   0.464814
       0.2   0.403642   0.477547   0.437495
      0.21   0.312644   0.476596   0.377591
      0.22    0.25689   0.490074   0.337085
      0.23   0.227275   0.482227   0.308944
      0.24   0.168584   0.434259   0.242879
      0.25   0.122375   0.378959   0.185007
      0.26  0.0876695   0.330781   0.138604
      0.27   0.059719   0.284333  0.0987065
      0.28  0.0251114   0.185567  0.0442365
      0.29  0.0079299  0.0609137   0.014033
       0.3  0.0017622  0.0592593 0.00342262
      0.31 0.00141955       0.06 0.00277348
      0.32 0.00141955   0.142857 0.00281117
      0.33          0          0          0
      0.34          0          0          0
      0.35          0          0          0
      0.36          0          0          0
      0.37          0          0          0
      0.38          0          0          0
      0.39          0          0          0
       0.4          0          0          0
      0.41          0          0          0
      0.42          0          0          0
      0.43          0          0          0
      0.44          0          0          0
      0.45          0          0          0
      0.46          0          0          0
      0.47          0          0          0
      0.48          0          0          0
      0.49          0          0          0
       0.5          0          0          0
      0.51          0          0          0
      0.52          0          0          0
      0.53          0          0          0
      0.54          0          0          0
      0.55          0          0          0
      0.56          0          0          0
      0.57          0          0          0
      0.58          0          0          0
      0.59          0          0          0
       0.6          0          0          0
      0.61          0          0          0
      0.62          0          0          0
      0.63          0          0          0
      0.64          0          0          0
      0.65          0          0          0
      0.66          0          0          0
      0.67          0          0          0
      0.68          0          0          0
      0.69          0          0          0
       0.7          0          0          0
      0.71          0          0          0
      0.72          0          0          0
      0.73          0          0          0
      0.74          0          0          0
      0.75          0          0          0
      0.76          0          0          0
      0.77          0          0          0
      0.78          0          0          0
      0.79          0          0          0
       0.8          0          0          0
      0.81          0          0          0
      0.82          0          0          0
      0.83          0          0          0
      0.84          0          0          0
      0.85          0          0          0
      0.86          0          0          0
      0.87          0          0          0
      0.88          0          0          0
      0.89          0          0          0
       0.9          0          0          0
      0.91          0          0          0
      0.92          0          0          0
      0.93          0          0          0
      0.94          0          0          0
      0.95          0          0          0
      0.96          0          0          0
      0.97          0          0          0
      0.98          0          0          0
      0.99          0          0          0
