         0          1    0.28722   0.446264
      0.01   0.986727    0.29793   0.457672
      0.02   0.986727   0.299326   0.459317
      0.03   0.986319   0.306645    0.46784
      0.04   0.981418   0.322102   0.485021
      0.05   0.975394    0.33586   0.499668
      0.06   0.957119   0.358987   0.522136
      0.07   0.940477   0.374214   0.535396
      0.08   0.921589   0.394151   0.552153
      0.09   0.903058   0.399338   0.553788
       0.1   0.857165   0.405975   0.550988
      0.11   0.798152   0.412586   0.543976
      0.12   0.764358   0.415063   0.537987
      0.13   0.692072   0.418925   0.521921
      0.14   0.642146   0.416388   0.505193
      0.15   0.547093   0.406708   0.466569
      0.16   0.484609   0.398051   0.437086
      0.17   0.380213   0.388837   0.384477
      0.18   0.319771   0.387599   0.350433
      0.19   0.244525   0.376638   0.296532
       0.2   0.203992   0.392392   0.268434
      0.21   0.121752   0.353097   0.181069
      0.22   0.049977   0.248062  0.0831931
      0.23  0.0164378      0.216  0.0305507
      0.24 0.00633008   0.236735  0.0123305
      0.25 0.00311399        0.2  0.0061325
      0.26 0.00168462   0.202899 0.00334149
      0.27 0.00163357   0.172727 0.00323653
      0.28          0          0          0
      0.29          0          0          0
       0.3          0          0          0
      0.31          0          0          0
      0.32          0          0          0
      0.33          0          0          0
      0.34          0          0          0
      0.35          0          0          0
      0.36          0          0          0
      0.37          0          0          0
      0.38          0          0          0
      0.39          0          0          0
       0.4          0          0          0
      0.41          0          0          0
      0.42          0          0          0
      0.43          0          0          0
      0.44          0          0          0
      0.45          0          0          0
      0.46          0          0          0
      0.47          0          0          0
      0.48          0          0          0
      0.49          0          0          0
       0.5          0          0          0
      0.51          0          0          0
      0.52          0          0          0
      0.53          0          0          0
      0.54          0          0          0
      0.55          0          0          0
      0.56          0          0          0
      0.57          0          0          0
      0.58          0          0          0
      0.59          0          0          0
       0.6          0          0          0
      0.61          0          0          0
      0.62          0          0          0
      0.63          0          0          0
      0.64          0          0          0
      0.65          0          0          0
      0.66          0          0          0
      0.67          0          0          0
      0.68          0          0          0
      0.69          0          0          0
       0.7          0          0          0
      0.71          0          0          0
      0.72          0          0          0
      0.73          0          0          0
      0.74          0          0          0
      0.75          0          0          0
      0.76          0          0          0
      0.77          0          0          0
      0.78          0          0          0
      0.79          0          0          0
       0.8          0          0          0
      0.81          0          0          0
      0.82          0          0          0
      0.83          0          0          0
      0.84          0          0          0
      0.85          0          0          0
      0.86          0          0          0
      0.87          0          0          0
      0.88          0          0          0
      0.89          0          0          0
       0.9          0          0          0
      0.91          0          0          0
      0.92          0          0          0
      0.93          0          0          0
      0.94          0          0          0
      0.95          0          0          0
      0.96          0          0          0
      0.97          0          0          0
      0.98          0          0          0
      0.99          0          0          0
