         0          1   0.273534   0.429567
      0.01   0.994384   0.271537   0.426586
      0.02   0.994384   0.271567   0.426623
      0.03   0.994384   0.274574   0.430324
      0.04   0.994384   0.290666    0.44984
      0.05   0.994384   0.308085   0.470422
      0.06   0.992593   0.335283   0.501251
      0.07   0.991674   0.350536   0.517978
      0.08   0.988672   0.374083   0.542791
      0.09   0.984509   0.387532   0.556148
       0.1   0.981023   0.407331   0.575647
      0.11   0.973278    0.42887   0.595386
      0.12   0.968243    0.44024   0.605275
      0.13    0.94491   0.448625   0.608395
      0.14   0.908312   0.447787   0.599853
      0.15   0.809411   0.437014   0.567582
      0.16   0.698262   0.421891   0.525982
      0.17   0.557922   0.409987    0.47265
      0.18   0.465702   0.414036   0.438352
      0.19   0.389069   0.434436   0.410503
       0.2   0.369657   0.469172   0.413511
      0.21   0.343516   0.546423   0.421838
      0.22   0.321634     0.6329   0.426517
      0.23   0.316697   0.675337   0.431189
      0.24   0.299608   0.705333   0.420569
      0.25   0.286198   0.701618   0.406557
      0.26     0.2405   0.667695   0.353625
      0.27   0.175388   0.585392    0.26991
      0.28  0.0632231   0.429329   0.110216
      0.29  0.0372271   0.330025   0.066907
       0.3 0.00842329   0.183761  0.0161082
      0.31 0.00459893   0.204969 0.00899601
      0.32 0.00334027   0.198276 0.00656986
      0.33          0          0          0
      0.34          0          0          0
      0.35          0          0          0
      0.36          0          0          0
      0.37          0          0          0
      0.38          0          0          0
      0.39          0          0          0
       0.4          0          0          0
      0.41          0          0          0
      0.42          0          0          0
      0.43          0          0          0
      0.44          0          0          0
      0.45          0          0          0
      0.46          0          0          0
      0.47          0          0          0
      0.48          0          0          0
      0.49          0          0          0
       0.5          0          0          0
      0.51          0          0          0
      0.52          0          0          0
      0.53          0          0          0
      0.54          0          0          0
      0.55          0          0          0
      0.56          0          0          0
      0.57          0          0          0
      0.58          0          0          0
      0.59          0          0          0
       0.6          0          0          0
      0.61          0          0          0
      0.62          0          0          0
      0.63          0          0          0
      0.64          0          0          0
      0.65          0          0          0
      0.66          0          0          0
      0.67          0          0          0
      0.68          0          0          0
      0.69          0          0          0
       0.7          0          0          0
      0.71          0          0          0
      0.72          0          0          0
      0.73          0          0          0
      0.74          0          0          0
      0.75          0          0          0
      0.76          0          0          0
      0.77          0          0          0
      0.78          0          0          0
      0.79          0          0          0
       0.8          0          0          0
      0.81          0          0          0
      0.82          0          0          0
      0.83          0          0          0
      0.84          0          0          0
      0.85          0          0          0
      0.86          0          0          0
      0.87          0          0          0
      0.88          0          0          0
      0.89          0          0          0
       0.9          0          0          0
      0.91          0          0          0
      0.92          0          0          0
      0.93          0          0          0
      0.94          0          0          0
      0.95          0          0          0
      0.96          0          0          0
      0.97          0          0          0
      0.98          0          0          0
      0.99          0          0          0
