         0          1   0.279386    0.43675
      0.01    0.98541   0.265164    0.41788
      0.02   0.984864   0.269755   0.423511
      0.03   0.984453   0.276962   0.432301
      0.04   0.981948    0.29741   0.456543
      0.05   0.977716   0.319378   0.481478
      0.06   0.966332    0.33942   0.502381
      0.07   0.953451   0.354618   0.516962
      0.08   0.928085   0.380395   0.539617
      0.09   0.903324   0.398648   0.553174
       0.1    0.85731    0.42633    0.56947
      0.11   0.802605   0.451276    0.57772
      0.12   0.759533   0.465771   0.577438
      0.13   0.687311   0.483774   0.567855
      0.14   0.637525   0.493513   0.556351
      0.15   0.558383   0.505797   0.530791
      0.16   0.504184     0.5126   0.508357
      0.17   0.428783   0.525407   0.472203
      0.18   0.384492   0.534359   0.447204
      0.19   0.325472   0.546775   0.408049
       0.2   0.289399    0.55303   0.379964
      0.21   0.235502   0.557281   0.331088
      0.22    0.19149   0.558883   0.285246
      0.23   0.164576   0.553146   0.253677
      0.24   0.122821   0.517774   0.198545
      0.25  0.0947596   0.475896   0.158049
      0.26  0.0605261   0.394654   0.104956
      0.27  0.0378044   0.317332  0.0675602
      0.28  0.0126957   0.205314  0.0239128
      0.29  0.0059029   0.166686   0.011402
       0.3 0.00260871   0.143587 0.00512431
      0.31 0.00179304   0.134012 0.00353873
      0.32 0.00134961   0.123405 0.00267002
      0.33          0          0          0
      0.34          0          0          0
      0.35          0          0          0
      0.36          0          0          0
      0.37          0          0          0
      0.38          0          0          0
      0.39          0          0          0
       0.4          0          0          0
      0.41          0          0          0
      0.42          0          0          0
      0.43          0          0          0
      0.44          0          0          0
      0.45          0          0          0
      0.46          0          0          0
      0.47          0          0          0
      0.48          0          0          0
      0.49          0          0          0
       0.5          0          0          0
      0.51          0          0          0
      0.52          0          0          0
      0.53          0          0          0
      0.54          0          0          0
      0.55          0          0          0
      0.56          0          0          0
      0.57          0          0          0
      0.58          0          0          0
      0.59          0          0          0
       0.6          0          0          0
      0.61          0          0          0
      0.62          0          0          0
      0.63          0          0          0
      0.64          0          0          0
      0.65          0          0          0
      0.66          0          0          0
      0.67          0          0          0
      0.68          0          0          0
      0.69          0          0          0
       0.7          0          0          0
      0.71          0          0          0
      0.72          0          0          0
      0.73          0          0          0
      0.74          0          0          0
      0.75          0          0          0
      0.76          0          0          0
      0.77          0          0          0
      0.78          0          0          0
      0.79          0          0          0
       0.8          0          0          0
      0.81          0          0          0
      0.82          0          0          0
      0.83          0          0          0
      0.84          0          0          0
      0.85          0          0          0
      0.86          0          0          0
      0.87          0          0          0
      0.88          0          0          0
      0.89          0          0          0
       0.9          0          0          0
      0.91          0          0          0
      0.92          0          0          0
      0.93          0          0          0
      0.94          0          0          0
      0.95          0          0          0
      0.96          0          0          0
      0.97          0          0          0
      0.98          0          0          0
      0.99          0          0          0
