    119082       0.13   0.865213   0.706662   0.777941
     58060       0.09   0.845975   0.405072    0.54783
     42049       0.16   0.966033   0.738572   0.837126
     24077       0.05   0.986292   0.510895   0.673118
     78004       0.14    0.81187   0.618534   0.702136
     45096       0.08   0.802195   0.666599   0.728138
     38092       0.14   0.870052   0.630819   0.731369
     43074        0.1   0.718607   0.546458    0.62082
     16077       0.13   0.758017   0.449133   0.564057
     86000        0.1   0.947586   0.433984   0.595318
    101085       0.14   0.879908   0.687383   0.771821
     89072       0.09   0.903058   0.399338   0.553788
    126007        0.1   0.909953   0.576468   0.705801
     76053       0.09   0.773258   0.548382   0.641689
     86016  0.0986869    0.69532   0.484324   0.570952
    103070  0.0945455   0.776164   0.429502   0.552996
      8023   0.106869   0.855534   0.214251   0.342684
     41033       0.11   0.778328   0.532397    0.63229
    109053   0.104141   0.733391   0.405936   0.522607
    130026       0.18   0.474472   0.448674   0.461213
    108082       0.12   0.622545   0.206583   0.310222
     69040          0          1   0.319512   0.484288
     14037        0.1   0.680068   0.611964   0.644221
     54082  0.0632323   0.893971   0.583623   0.706205
     62096       0.21   0.746018   0.674267    0.70833
     12084       0.11   0.928375   0.301026   0.454636
     69015        0.1   0.848687   0.792353   0.819553
     97033       0.13    0.94491   0.448625   0.608395
     19021       0.11   0.862012   0.644463   0.737529
     86068       0.11   0.760694    0.36411   0.492488
      3096       0.06   0.802678   0.498895   0.615335
     41069   0.130404   0.741453   0.409289   0.527431
     21077       0.12   0.868485   0.550102   0.673565
    108070          0          1   0.230724    0.37494
    123074   0.123636   0.584958   0.300417   0.396965
     38082        0.1   0.833864   0.510159    0.63303
     33039   0.182929    0.68677   0.417282   0.519136
    108005       0.12   0.792793   0.419758   0.548894
    106024       0.12   0.672653   0.488301    0.56584
    102061       0.13   0.800049   0.410598   0.542683
     37073       0.07   0.962891   0.725812    0.82771
     65033    0.11404   0.832154   0.558516   0.668414
     55073   0.125455   0.731341   0.517435   0.606068
     66053       0.11   0.744524   0.495493   0.595002
     85048   0.152727   0.825086   0.584186   0.684046
     42012   0.111818   0.592805   0.587718    0.59025
     87046       0.12   0.857506   0.412317   0.556872
    105025   0.147273   0.696342   0.466514   0.558717
    101087   0.119697   0.873125   0.712993   0.784976
     69020       0.11   0.855119   0.539047   0.661255
